10020
10092
10191
10207
10233
10251
1029
1038
1040
1046
10559
1063
10702
10770
1080
1084
10881
10885
1089
10936
1094
1100
1112
11388
11519
11525
1171
1172
11739
11744
1192
1193
1201
1213
1215
1258
137
1378
139
1390
1409
1525
1691
199
2106
2159
2189
2225
2293
2399
2406
2504
2506
2636
2673
2699
2705
2708
2746
2758
2760
2850
2903
2912
2928
2971
2983
3025
3064
3170
3317
3459
3495
3667
3672
3680
3730
3749
3751
3799
3802
3867
3912
3952
3957
3974
3987
4021
4041
4065
4130
4195
4267
4295
4342
4351
4372
4412
4425
4468
4483
4500
4509
4555
4558
4614
4697
4703
4718
4864
4939
4952
5066
5093
5169
5192
5226
5275
528
5301
5323
5330
5352
5435
5521
5527
5544
5552
5559
5621
569
5727
5773
5778
5857
5918
594
6156
6182
6247
6510
6639
6665
6745
6805
6828
6949
7119
7127
7229
7281
7311
735
7359
7500
7572
7856
7898
7968
80
810
8158
8383
8384
8393
8469
8483
86
8634
8715
8734
8783
8840
885
8851
899
8991
9036
9076
9101
9112
9211
9274
9336
9388
9485
9497
9507
9528
9707
9822
