10645 10645
10542 10542
10653 10653
10106 10106
10828 10828
1042 1042
10544 10544
1033 1033
1 1
10383 10383
10448 10448
10093 10093
10232 10232
10572 10572
10058 10058
10790 10790
10635 10635
1047 1047
11076 11076
1026 1026
1041 1041
10765 10765
10216 10216
10348 10348
10188 10188
1079 1079
1071 1071
10520 10520
10074 10074
11062 11062
10171 10171
10347 10347
1103 1103
10926 10926
10142 10142
10 10
10388 10388
10785 10785
1034 1034
10583 10583
10489 10489
10141 10141
10868 10868
10962 10962
11082 11082
10530 10530
10507 10507
10977 10977
10420 10420
1039 1039
10279 10279
10897 10897
1060 1060
10195 10195
10414 10414
1035 1035
1081 1081
10408 10408
10302 10302
11053 11053
1085 1085
10986 10986
1078 1078
10523 10523
10424 10424
1050 1050
1036 1036
10620 10620
10508 10508
1020 1020
10123 10123
10834 10834
10497 10497
10325 10325
10430 10430
1091 1091
11008 11008
1024 1024
11 11
10984 10984
1010 1010
1028 1028
10827 10827
10883 10883
11015 11015
1074 1074
10374 10374
11012 11012
10097 10097
10100 10100
1022 1022
10959 10959
10477 10477
10781 10781
10384 10384
1013 1013
10036 10036
10632 10632
10773 10773
1092 1092
10919 10919
10077 10077
10575 10575
10362 10362
10246 10246
10586 10586
1066 1066
10339 10339
10490 10490
10964 10964
10492 10492
1058 1058
1077 1077
1059 1059
10381 10381
1104 1104
10967 10967
10469 10469
10260 10260
1075 1075
10012 10012
10080 10080
11069 11069
1440 1440
141 141
11462 11462
1209 1209
13 13
11753 11753
11531 11531
11795 11795
1165 1165
1325 1325
1177 1177
11790 11790
1424 1424
1221 1221
11562 11562
1420 1420
11493 11493
11669 11669
1131 1131
11758 11758
1374 1374
1404 1404
11135 11135
1290 1290
1470 1470
11796 11796
1459 1459
11393 11393
1467 1467
1288 1288
1465 1465
1403 1403
118 118
1426 1426
126 126
11441 11441
1338 1338
1472 1472
1227 1227
1259 1259
11087 11087
11526 11526
1183 1183
1379 1379
1275 1275
1129 1129
11377 11377
1210 1210
1447 1447
1442 1442
14 14
11828 11828
11548 11548
1235 1235
11520 11520
1384 1384
11747 11747
11819 11819
11502 11502
1341 1341
11458 11458
1133 1133
11515 11515
11698 11698
11585 11585
1134 1134
1366 1366
11141 11141
1499 1499
1430 1430
11641 11641
1342 1342
1142 1142
11643 11643
1432 1432
1125 1125
11584 11584
1393 1393
1305 1305
1462 1462
1446 1446
1450 1450
11125 11125
11822 11822
11432 11432
144 144
1375 1375
11425 11425
1190 1190
1121 1121
1214 1214
1466 1466
1392 1392
1233 1233
146 146
11128 11128
1412 1412
11143 11143
123 123
1163 1163
1281 1281
11528 11528
1445 1445
11397 11397
11557 11557
1147 1147
1114 1114
1452 1452
124 124
11802 11802
11700 11700
1414 1414
1401 1401
11509 11509
11360 11360
11396 11396
1312 1312
11785 11785
1196 1196
1382 1382
1491 1491
1239 1239
1269 1269
1494 1494
11499 11499
11529 11529
1173 1173
1715 1715
1707 1707
1718 1718
2022 2022
1975 1975
1682 1682
1877 1877
1851 1851
1802 1802
1902 1902
1772 1772
1503 1503
1674 1674
1664 1664
1952 1952
1699 1699
1788 1788
1827 1827
202 202
1531 1531
1853 1853
1523 1523
1759 1759
1904 1904
1964 1964
1561 1561
1568 1568
1720 1720
1615 1615
1731 1731
189 189
1889 1889
1992 1992
1623 1623
1626 1626
1901 1901
1764 1764
1814 1814
1875 1875
1876 1876
2006 2006
1668 1668
1785 1785
1778 1778
1647 1647
1903 1903
1996 1996
1564 1564
1675 1675
160 160
175 175
1858 1858
200 200
1627 1627
1705 1705
1775 1775
1822 1822
1841 1841
1980 1980
1811 1811
1641 1641
1507 1507
1514 1514
1625 1625
1808 1808
1599 1599
1712 1712
1738 1738
2009 2009
1593 1593
1984 1984
1678 1678
1780 1780
1727 1727
1743 1743
1813 1813
1885 1885
1871 1871
1588 1588
159 159
2008 2008
1987 1987
1515 1515
2000 2000
1566 1566
1777 1777
1610 1610
1658 1658
1970 1970
1578 1578
1582 1582
1565 1565
1659 1659
1742 1742
1993 1993
2011 2011
1653 1653
1815 1815
168 168
154 154
1958 1958
1968 1968
1784 1784
1537 1537
180 180
1790 1790
1697 1697
1776 1776
16 16
1825 1825
1522 1522
2004 2004
1631 1631
1685 1685
1879 1879
1706 1706
1985 1985
1595 1595
1702 1702
1848 1848
1991 1991
2001 2001
1810 1810
177 177
2018 2018
1600 1600
1686 1686
1763 1763
1735 1735
1737 1737
1887 1887
2013 2013
1745 1745
1717 1717
1833 1833
187 187
1573 1573
1532 1532
1963 1963
1892 1892
1669 1669
1695 1695
1519 1519
1723 1723
17 17
1521 1521
2056 2056
2362 2362
207 207
2099 2099
2456 2456
2076 2076
2665 2665
2385 2385
2055 2055
252 252
2393 2393
2645 2645
2516 2516
2455 2455
2288 2288
2633 2633
2214 2214
2498 2498
26 26
2238 2238
2635 2635
2512 2512
216 216
2047 2047
2070 2070
2050 2050
2067 2067
215 215
2042 2042
266 266
2616 2616
2570 2570
2025 2025
2166 2166
2183 2183
2278 2278
2030 2030
2207 2207
2402 2402
258 258
2034 2034
2694 2694
2041 2041
2090 2090
2307 2307
2676 2676
2153 2153
203 203
2162 2162
251 251
22 22
2457 2457
2075 2075
2236 2236
2557 2557
2692 2692
2274 2274
2510 2510
2421 2421
2358 2358
2687 2687
241 241
2203 2203
2023 2023
2035 2035
2039 2039
2662 2662
2151 2151
2040 2040
2074 2074
2276 2276
2356 2356
2239 2239
2291 2291
2558 2558
210 210
2339 2339
2052 2052
2275 2275
2700 2700
268 268
2279 2279
2329 2329
2675 2675
2350 2350
2080 2080
2077 2077
2574 2574
2677 2677
2024 2024
253 253
2064 2064
2116 2116
2571 2571
2628 2628
2681 2681
2576 2576
2212 2212
2158 2158
2334 2334
2629 2629
2542 2542
2048 2048
2083 2083
2361 2361
204 204
2304 2304
2554 2554
2535 2535
2513 2513
2177 2177
2217 2217
2568 2568
2053 2053
2101 2101
262 262
2651 2651
2316 2316
2453 2453
2297 2297
2648 2648
2028 2028
2660 2660
2249 2249
2367 2367
2412 2412
2371 2371
2314 2314
2202 2202
2096 2096
2454 2454
328 328
3335 3335
287 287
3267 3267
3341 3341
2849 2849
323 323
276 276
3257 3257
33 33
3227 3227
3326 3326
2920 2920
2890 2890
295 295
3078 3078
2755 2755
322 322
3304 3304
3303 3303
3176 3176
2748 2748
3097 3097
3048 3048
2891 2891
2960 2960
2887 2887
325 325
2794 2794
2881 2881
3069 3069
330 330
2860 2860
3113 3113
3080 3080
3068 3068
3344 3344
3340 3340
3192 3192
319 319
2759 2759
2739 2739
2797 2797
2732 2732
3090 3090
3122 3122
3216 3216
3104 3104
3004 3004
296 296
3124 3124
279 279
2898 2898
3185 3185
3321 3321
3193 3193
3108 3108
3196 3196
3186 3186
2964 2964
2969 2969
3320 3320
3158 3158
2953 2953
3087 3087
2751 2751
2707 2707
3046 3046
3140 3140
3357 3357
3015 3015
2858 2858
305 305
3082 3082
2740 2740
3244 3244
3211 3211
2839 2839
3206 3206
2901 2901
3289 3289
3248 3248
2718 2718
3137 3137
285 285
2894 2894
298 298
2702 2702
288 288
2949 2949
3280 3280
3275 3275
2729 2729
3050 3050
3324 3324
2958 2958
2715 2715
2725 2725
3111 3111
3364 3364
3343 3343
3018 3018
2764 2764
3277 3277
3265 3265
3199 3199
2720 2720
2907 2907
3234 3234
2841 2841
2856 2856
3145 3145
3167 3167
294 294
3130 3130
3306 3306
3301 3301
2998 2998
2874 2874
3034 3034
3085 3085
3129 3129
2980 2980
3043 3043
311 311
2966 2966
3197 3197
3224 3224
2886 2886
2990 2990
2826 2826
3179 3179
3881 3881
3569 3569
3733 3733
3865 3865
3788 3788
3883 3883
3395 3395
3478 3478
337 337
3422 3422
3777 3777
3853 3853
3655 3655
3532 3532
3747 3747
3954 3954
3581 3581
3847 3847
3449 3449
3598 3598
3605 3605
3905 3905
366 366
3858 3858
3643 3643
3834 3834
3394 3394
3985 3985
3494 3494
3923 3923
3622 3622
3381 3381
3806 3806
3964 3964
3375 3375
3833 3833
3682 3682
3882 3882
3624 3624
3547 3547
339 339
3993 3993
4012 4012
3582 3582
3486 3486
38 38
397 397
3625 3625
3971 3971
3402 3402
368 368
3904 3904
3644 3644
3908 3908
3671 3671
3934 3934
3370 3370
3543 3543
3571 3571
347 347
345 345
36 36
3615 3615
3766 3766
3559 3559
3531 3531
3786 3786
3706 3706
3626 3626
3866 3866
3639 3639
3689 3689
3417 3417
3468 3468
3423 3423
3948 3948
3540 3540
3921 3921
3404 3404
357 357
3399 3399
3931 3931
3393 3393
3990 3990
3967 3967
3988 3988
4009 4009
3822 3822
3499 3499
349 349
3415 3415
3862 3862
3454 3454
363 363
3782 3782
3595 3595
3660 3660
3688 3688
3992 3992
3998 3998
3695 3695
3767 3767
3642 3642
3973 3973
4006 4006
3448 3448
3913 3913
3397 3397
4010 4010
3835 3835
3935 3935
40 40
3611 3611
380 380
3886 3886
394 394
3922 3922
3821 3821
341 341
3489 3489
3942 3942
35 35
3783 3783
3885 3885
3724 3724
3780 3780
3728 3728
3979 3979
4212 4212
4460 4460
4652 4652
466 466
4304 4304
4605 4605
4018 4018
4585 4585
440 440
4030 4030
4604 4604
4258 4258
4056 4056
4207 4207
4547 4547
4251 4251
4159 4159
4490 4490
4346 4346
4546 4546
4438 4438
4179 4179
4241 4241
4569 4569
4036 4036
4552 4552
4580 4580
441 441
4297 4297
4067 4067
4430 4430
4643 4643
4646 4646
4171 4171
4638 4638
4359 4359
4032 4032
4428 4428
4029 4029
4532 4532
4498 4498
4290 4290
4343 4343
4502 4502
4507 4507
4170 4170
437 437
4482 4482
4191 4191
4095 4095
4587 4587
4613 4613
4584 4584
4042 4042
4356 4356
42 42
4641 4641
4648 4648
4173 4173
429 429
4568 4568
4084 4084
4632 4632
4111 4111
4066 4066
4248 4248
4320 4320
4230 4230
4213 4213
4180 4180
439 439
4215 4215
4133 4133
4381 4381
4176 4176
4667 4667
4441 4441
4583 4583
4178 4178
4057 4057
463 463
4360 4360
4538 4538
4369 4369
4064 4064
4539 4539
420 420
4621 4621
4549 4549
4252 4252
4235 4235
4602 4602
4106 4106
4143 4143
4034 4034
4181 4181
4245 4245
4440 4440
4224 4224
4644 4644
4026 4026
44 44
4292 4292
4411 4411
4597 4597
4135 4135
411 411
4594 4594
4463 4463
4194 4194
4598 4598
4055 4055
4499 4499
4185 4185
4200 4200
4204 4204
4127 4127
4147 4147
4048 4048
4080 4080
4522 4522
4577 4577
4654 4654
4198 4198
4240 4240
4399 4399
4301 4301
483 483
5213 5213
5233 5233
4738 4738
4990 4990
5098 5098
4851 4851
5185 5185
5027 5027
500 500
488 488
4796 4796
5326 5326
5236 5236
468 468
5172 5172
5284 5284
5164 5164
5180 5180
5130 5130
5218 5218
4954 4954
4801 4801
5170 5170
5154 5154
4895 4895
5283 5283
4941 4941
4735 4735
4889 4889
5145 5145
4712 4712
5049 5049
4671 4671
4797 4797
4814 4814
5190 5190
4679 4679
4928 4928
4859 4859
5034 5034
5107 5107
4897 4897
4947 4947
497 497
4983 4983
5310 5310
4832 4832
5241 5241
4672 4672
5221 5221
4962 4962
481 481
5099 5099
4758 4758
4831 4831
4693 4693
5342 5342
5235 5235
5237 5237
5073 5073
5144 5144
502 502
5195 5195
5278 5278
4985 4985
495 495
5044 5044
503 503
5168 5168
4999 4999
5302 5302
5207 5207
4694 4694
5246 5246
4813 4813
4927 4927
5103 5103
5332 5332
4754 4754
473 473
4834 4834
5206 5206
5167 5167
5276 5276
5182 5182
4880 4880
5257 5257
4879 4879
4696 4696
4825 4825
5146 5146
5155 5155
512 512
5249 5249
4784 4784
5263 5263
4715 4715
5199 5199
533 533
4943 4943
5048 5048
4756 4756
4833 4833
4935 4935
5024 5024
5041 5041
5267 5267
4732 4732
5105 5105
4705 4705
4917 4917
5274 5274
4996 4996
4695 4695
5273 5273
53 53
5176 5176
4998 4998
4888 4888
4910 4910
4925 4925
5293 5293
5288 5288
4932 4932
5258 5258
4837 4837
5223 5223
4680 4680
5872 5872
5943 5943
556 556
5888 5888
5892 5892
5902 5902
5998 5998
5820 5820
5830 5830
5460 5460
5844 5844
5515 5515
5999 5999
6025 6025
5745 5745
5867 5867
5487 5487
5628 5628
5490 5490
572 572
6020 6020
5672 5672
5709 5709
5362 5362
6 6
5443 5443
5475 5475
5815 5815
5359 5359
5557 5557
5442 5442
5675 5675
5602 5602
5853 5853
5859 5859
5701 5701
580 580
5996 5996
5494 5494
5633 5633
6045 6045
5795 5795
5480 5480
5568 5568
5613 5613
58 58
5768 5768
5516 5516
554 554
5629 5629
5573 5573
5924 5924
5540 5540
5728 5728
5850 5850
5425 5425
5351 5351
5502 5502
5596 5596
6042 6042
5485 5485
589 589
5570 5570
5659 5659
5612 5612
581 581
5536 5536
5545 5545
5895 5895
5800 5800
5583 5583
6035 6035
5611 5611
542 542
602 602
567 567
5790 5790
5884 5884
5965 5965
5408 5408
5917 5917
6005 6005
5821 5821
549 549
5900 5900
5397 5397
5810 5810
6013 6013
583 583
595 595
5501 5501
574 574
5620 5620
5495 5495
5881 5881
5775 5775
5456 5456
5741 5741
5743 5743
5432 5432
5826 5826
5866 5866
5414 5414
5531 5531
5961 5961
563 563
5803 5803
5792 5792
5666 5666
5478 5478
5989 5989
561 561
5641 5641
5935 5935
5514 5514
5913 5913
5447 5447
5973 5973
5582 5582
5868 5868
5581 5581
5723 5723
5833 5833
5683 5683
579 579
5637 5637
539 539
60 60
5912 5912
55 55
6056 6056
5529 5529
5719 5719
5506 5506
6099 6099
650 650
682 682
6725 6725
6351 6351
6617 6617
667 667
6634 6634
646 646
651 651
6131 6131
6484 6484
607 607
6335 6335
6108 6108
6235 6235
609 609
6187 6187
62 62
6738 6738
6750 6750
6860 6860
6866 6866
688 688
610 610
6814 6814
669 669
6491 6491
6858 6858
6192 6192
684 684
6869 6869
6184 6184
6599 6599
6314 6314
64 64
6885 6885
6214 6214
6228 6228
644 644
6221 6221
613 613
656 656
6356 6356
6115 6115
6387 6387
6545 6545
6120 6120
6117 6117
6103 6103
6366 6366
6284 6284
675 675
6483 6483
6829 6829
6341 6341
6780 6780
6731 6731
6169 6169
6321 6321
6689 6689
6704 6704
6722 6722
6216 6216
6189 6189
6250 6250
6690 6690
6269 6269
6544 6544
6873 6873
6257 6257
6064 6064
6296 6296
6861 6861
6879 6879
6248 6248
6875 6875
6244 6244
6493 6493
6706 6706
6721 6721
6127 6127
6191 6191
6695 6695
6348 6348
6832 6832
6077 6077
6124 6124
6851 6851
6882 6882
6734 6734
6733 6733
645 645
6239 6239
63 63
6085 6085
6363 6363
6074 6074
6206 6206
6238 6238
6065 6065
6889 6889
6633 6633
6758 6758
6252 6252
6897 6897
6810 6810
6316 6316
6815 6815
6857 6857
6573 6573
6589 6589
6793 6793
6613 6613
6263 6263
6285 6285
685 685
6367 6367
6874 6874
6677 6677
6179 6179
6204 6204
6699 6699
6547 6547
6560 6560
6450 6450
6105 6105
678 678
6812 6812
6859 6859
6791 6791
6093 6093
6249 6249
637 637
6583 6583
6274 6274
6381 6381
7103 7103
7307 7307
704 704
6943 6943
754 754
7358 7358
6985 6985
7585 7585
7098 7098
7199 7199
7527 7527
7567 7567
762 762
7320 7320
7013 7013
7189 7189
7224 7224
7228 7228
7544 7544
7611 7611
72 72
7470 7470
7610 7610
7082 7082
6989 6989
7565 7565
7384 7384
748 748
745 745
7020 7020
7080 7080
7261 7261
7413 7413
7245 7245
7266 7266
6916 6916
726 726
7510 7510
7284 7284
7568 7568
7405 7405
7198 7198
7520 7520
6959 6959
7014 7014
717 717
7092 7092
7141 7141
7403 7403
6928 6928
7070 7070
721 721
7498 7498
6910 6910
7047 7047
7184 7184
6908 6908
7561 7561
7019 7019
7028 7028
7454 7454
7053 7053
7372 7372
7312 7312
7547 7547
7218 7218
71 71
6993 6993
7114 7114
7155 7155
7360 7360
7597 7597
7257 7257
6971 6971
6900 6900
7156 7156
7195 7195
7569 7569
6936 6936
7379 7379
693 693
7099 7099
734 734
7538 7538
7322 7322
74 74
7450 7450
758 758
7134 7134
7613 7613
75 75
722 722
761 761
7382 7382
7280 7280
7485 7485
7297 7297
6952 6952
7214 7214
7493 7493
7504 7504
7339 7339
7011 7011
7292 7292
7190 7190
7244 7244
7252 7252
7471 7471
7072 7072
7163 7163
6934 6934
6981 6981
7153 7153
7376 7376
7232 7232
7144 7144
7475 7475
7336 7336
7466 7466
703 703
7055 7055
7089 7089
7231 7231
7285 7285
7362 7362
7222 7222
749 749
7393 7393
7267 7267
7345 7345
7258 7258
7465 7465
7377 7377
6923 6923
6927 6927
7446 7446
7616 7616
6935 6935
8 8
7783 7783
7763 7763
7989 7989
7761 7761
8180 8180
8046 8046
8304 8304
8041 8041
8202 8202
8134 8134
7688 7688
803 803
8184 8184
7847 7847
8319 8319
7735 7735
7708 7708
7888 7888
8301 8301
7948 7948
798 798
8060 8060
777 777
813 813
781 781
7707 7707
8129 8129
7931 7931
7945 7945
8139 8139
8379 8379
8217 8217
8336 8336
7722 7722
807 807
7954 7954
839 839
7787 7787
820 820
7670 7670
782 782
836 836
7905 7905
8212 8212
8360 8360
811 811
8237 8237
8327 8327
7636 7636
7700 7700
8090 8090
8274 8274
7685 7685
775 775
8049 8049
776 776
8363 8363
8203 8203
7953 7953
8387 8387
8403 8403
7659 7659
7929 7929
7711 7711
832 832
792 792
8266 8266
7842 7842
799 799
8138 8138
7841 7841
8132 8132
8056 8056
7800 7800
7757 7757
7753 7753
81 81
7882 7882
8206 8206
842 842
8015 8015
8135 8135
8417 8417
7854 7854
7639 7639
814 814
8089 8089
7959 7959
8120 8120
8318 8318
7759 7759
7732 7732
8415 8415
806 806
7955 7955
7981 7981
7622 7622
7923 7923
7657 7657
7824 7824
8352 8352
7828 7828
8052 8052
7733 7733
8100 8100
763 763
8058 8058
808 808
7701 7701
7967 7967
7781 7781
8178 8178
8076 8076
7992 7992
7785 7785
8314 8314
77 77
8291 8291
8155 8155
8238 8238
7646 7646
7857 7857
8416 8416
7876 7876
8246 8246
7798 7798
7912 7912
8204 8204
7907 7907
7915 7915
7693 7693
779 779
8073 8073
8085 8085
816 816
8766 8766
9223 9223
8554 8554
9218 9218
912 912
8841 8841
9172 9172
8930 8930
8432 8432
898 898
8588 8588
862 862
9046 9046
9243 9243
9143 9143
8578 8578
8594 8594
850 850
8675 8675
9248 9248
924 924
9135 9135
918 918
8598 8598
925 925
9195 9195
845 845
8864 8864
9187 9187
922 922
8463 8463
8834 8834
8883 8883
9126 9126
865 865
9146 9146
9232 9232
8563 8563
8874 8874
8729 8729
9215 9215
8476 8476
90 90
9050 9050
891 891
8985 8985
8936 8936
8803 8803
9246 9246
8990 8990
8656 8656
9217 9217
9024 9024
8534 8534
9259 9259
9023 9023
9133 9133
8466 8466
8947 8947
8844 8844
9107 9107
9158 9158
8449 8449
8787 8787
9079 9079
9129 9129
909 909
8565 8565
916 916
8988 8988
8933 8933
8522 8522
9185 9185
8723 8723
8747 8747
9111 9111
9174 9174
8808 8808
8632 8632
8739 8739
8737 8737
8641 8641
8423 8423
8911 8911
8934 8934
8635 8635
9166 9166
8707 8707
9039 9039
854 854
8538 8538
8915 8915
9081 9081
915 915
8427 8427
8547 8547
8685 8685
9119 9119
8796 8796
8978 8978
8499 8499
8939 8939
8619 8619
8852 8852
9078 9078
8701 8701
8951 8951
9220 9220
8818 8818
9164 9164
8731 8731
9072 9072
8885 8885
8905 8905
8977 8977
903 903
8788 8788
887 887
8948 8948
920 920
8529 8529
9247 9247
8599 8599
9188 9188
8780 8780
8592 8592
8546 8546
8666 8666
952 952
9720 9720
9862 9862
9530 9530
9489 9489
9327 9327
9413 9413
9635 9635
968 968
9796 9796
9672 9672
9568 9568
9539 9539
9450 9450
9762 9762
9765 9765
9784 9784
990 990
9724 9724
9906 9906
999 999
9835 9835
9480 9480
9518 9518
9589 9589
9702 9702
9974 9974
951 951
966 966
9832 9832
994 994
9372 9372
9281 9281
9541 9541
9360 9360
9283 9283
9565 9565
9276 9276
9849 9849
9749 9749
9869 9869
9928 9928
9752 9752
9486 9486
9527 9527
9726 9726
9876 9876
9575 9575
9656 9656
9375 9375
9453 9453
9561 9561
937 937
9905 9905
9781 9781
9871 9871
9307 9307
9468 9468
99 99
9516 9516
9399 9399
9429 9429
9430 9430
9735 9735
9719 9719
9812 9812
9969 9969
9421 9421
9519 9519
9369 9369
972 972
991 991
9920 9920
9471 9471
9457 9457
9314 9314
9839 9839
954 954
9817 9817
9367 9367
943 943
926 926
9262 9262
9277 9277
945 945
9616 9616
9743 9743
9803 9803
9380 9380
9799 9799
9323 9323
9324 9324
9886 9886
9366 9366
9979 9979
9278 9278
949 949
9804 9804
9351 9351
9427 9427
9747 9747
9941 9941
