10448 10448
10058 10058
10520 10520
10347 10347
10414 10414
10834 10834
10883 10883
10959 10959
10575 10575
10362 10362
11758 11758
11739 11739
11520 11520
11641 11641
11432 11432
11525 11525
11143 11143
1452 1452
11360 11360
11744 11744
1239 1239
11499 11499
2694 2694
2028 2028
2856 2856
3993 3993
3998 3998
4546 4546
4613 4613
4026 4026
4577 4577
5213 5213
5164 5164
5192 5192
5330 5330
5176 5176
6020 6020
5672 5672
5480 5480
5612 5612
5868 5868
5581 5581
6725 6725
6750 6750
6869 6869
6321 6321
6124 6124
6882 6882
6815 6815
7611 7611
7284 7284
7053 7053
7493 7493
7362 7362
8203 8203
7759 7759
7701 7701
77 77
7912 7912
8930 8930
9146 9146
9079 9079
8933 8933
8522 8522
8796 8796
8978 8978
8951 8951
8948 8948
8780 8780
9489 9489
9672 9672
9724 9724
9575 9575
9561 9561
9468 9468
9886 9886
9979 9979
