IID FID phenotype
10012 10012 3
10036 10036 3
10058 10058 2
10074 10074 2
10077 10077 1
10080 10080 1
10093 10093 3
10097 10097 0
10100 10100 2
10106 10106 0
1010 1010 3
10123 10123 1
10127 10127 1
1013 1013 2
10141 10141 0
10142 10142 2
10171 10171 3
1018 1018 3
10195 10195 1
1020 1020 0
10216 10216 2
1022 1022 1
10232 10232 3
10246 10246 3
1024 1024 0
10260 10260 3
1026 1026 2
10279 10279 2
1028 1028 0
10302 10302 1
10325 10325 0
10339 10339 0
1033 1033 3
10347 10347 0
10348 10348 2
1034 1034 3
1035 1035 2
10362 10362 2
1036 1036 3
10374 10374 2
10381 10381 3
10383 10383 0
10384 10384 2
10388 10388 0
1039 1039 0
10408 10408 0
10414 10414 3
1041 1041 0
10420 10420 0
10424 10424 3
10426 10426 0
1042 1042 1
10430 10430 3
10448 10448 0
10469 10469 3
10477 10477 0
1047 1047 0
10489 10489 0
10490 10490 3
10492 10492 1
10497 10497 1
10507 10507 2
10508 10508 3
1050 1050 2
10520 10520 0
10523 10523 3
10530 10530 0
10542 10542 1
10544 10544 3
10572 10572 0
10575 10575 3
10583 10583 2
10586 10586 0
1058 1058 0
1059 1059 2
1060 1060 3
10620 10620 3
10627 10627 1
10632 10632 3
10635 10635 1
10645 10645 0
10653 10653 3
1066 1066 0
1071 1071 2
1074 1074 0
1075 1075 2
10765 10765 1
10773 10773 3
1077 1077 0
10785 10785 1
1078 1078 3
10790 10790 0
1079 1079 3
1081 1081 3
10827 10827 2
10828 10828 0
10834 10834 1
1085 1085 1
10868 10868 1
10883 10883 2
10897 10897 0
10919 10919 0
1091 1091 0
10926 10926 2
1092 1092 0
10948 10948 3
10959 10959 3
10962 10962 2
10964 10964 2
10967 10967 2
10977 10977 2
10984 10984 1
10986 10986 2
10 10 3
11008 11008 3
11012 11012 0
11015 11015 3
1103 1103 0
1104 1104 3
11053 11053 0
11062 11062 1
11069 11069 1
11076 11076 0
11082 11082 3
11087 11087 3
1111 1111 0
11125 11125 0
11128 11128 2
11135 11135 2
11141 11141 1
11143 11143 1
1114 1114 3
1121 1121 2
1125 1125 3
1129 1129 0
1131 1131 0
1133 1133 0
1134 1134 1
11360 11360 3
11377 11377 3
11393 11393 0
11396 11396 2
11397 11397 3
11425 11425 3
1142 1142 3
11432 11432 3
11441 11441 0
11458 11458 0
11462 11462 2
1147 1147 0
11493 11493 3
11499 11499 3
11502 11502 1
11509 11509 3
11515 11515 1
11520 11520 1
11526 11526 3
11528 11528 3
11529 11529 3
11531 11531 2
11537 11537 2
11548 11548 2
11557 11557 1
11562 11562 1
11584 11584 2
11585 11585 3
1163 1163 3
11641 11641 1
11643 11643 3
1165 1165 1
11669 11669 3
11698 11698 2
11700 11700 0
1173 1173 3
11747 11747 3
11753 11753 0
11758 11758 0
1177 1177 1
11785 11785 3
11790 11790 2
11795 11795 2
11796 11796 3
11802 11802 0
11814 11814 3
11819 11819 1
11822 11822 3
11828 11828 3
1183 1183 3
118 118 3
1190 1190 1
1196 1196 1
11 11 3
1209 1209 3
1210 1210 3
1214 1214 0
1221 1221 2
1227 1227 0
1233 1233 3
1235 1235 3
1239 1239 3
123 123 0
124 124 1
1259 1259 3
1269 1269 1
126 126 3
1275 1275 0
1281 1281 3
1288 1288 2
1290 1290 3
1305 1305 3
1312 1312 2
1325 1325 1
1338 1338 3
1341 1341 0
1342 1342 0
1366 1366 0
1374 1374 1
1375 1375 3
1379 1379 0
1382 1382 2
1384 1384 2
1392 1392 2
1393 1393 0
13 13 3
1401 1401 3
1403 1403 3
1404 1404 0
1412 1412 0
1414 1414 3
141 141 3
1420 1420 3
1424 1424 0
1426 1426 1
1430 1430 3
1432 1432 1
1440 1440 0
1442 1442 0
1445 1445 1
1446 1446 0
1447 1447 0
144 144 3
1450 1450 3
1452 1452 3
1459 1459 0
1462 1462 3
1465 1465 1
1466 1466 3
1467 1467 3
146 146 3
1470 1470 3
1472 1472 3
1491 1491 1
1494 1494 0
1499 1499 1
14 14 3
1503 1503 0
1507 1507 0
1514 1514 0
1515 1515 1
1519 1519 3
1521 1521 0
1522 1522 3
1523 1523 3
1531 1531 2
1532 1532 3
1537 1537 3
154 154 3
1561 1561 0
1564 1564 3
1565 1565 3
1566 1566 3
1568 1568 2
1573 1573 3
1578 1578 0
1582 1582 3
1588 1588 0
158 158 3
1593 1593 2
1595 1595 1
1599 1599 1
159 159 1
1600 1600 0
160 160 1
1610 1610 0
1615 1615 3
1623 1623 0
1625 1625 3
1626 1626 3
1627 1627 3
1631 1631 3
1641 1641 1
1647 1647 1
1653 1653 3
1658 1658 1
1659 1659 3
1664 1664 0
1668 1668 3
1669 1669 2
1674 1674 0
1675 1675 2
1678 1678 3
1682 1682 3
1685 1685 2
1686 1686 3
168 168 2
1695 1695 3
1697 1697 1
1699 1699 3
16 16 0
1702 1702 3
1705 1705 0
1706 1706 3
1707 1707 1
1712 1712 1
1715 1715 2
1717 1717 2
1718 1718 0
1720 1720 0
1723 1723 3
1727 1727 3
1731 1731 3
1735 1735 2
1737 1737 1
1738 1738 0
1742 1742 1
1743 1743 3
1745 1745 1
1759 1759 3
175 175 3
1763 1763 0
1764 1764 0
1772 1772 3
1775 1775 1
1776 1776 1
1777 1777 3
1778 1778 3
177 177 0
1780 1780 3
1784 1784 3
1785 1785 2
1788 1788 0
1790 1790 2
17 17 1
1802 1802 0
1808 1808 1
180 180 2
1810 1810 3
1811 1811 1
1813 1813 0
1814 1814 0
1815 1815 0
1822 1822 2
1825 1825 2
1827 1827 3
1833 1833 0
1841 1841 0
1848 1848 3
1851 1851 3
1853 1853 1
1858 1858 1
1871 1871 3
1875 1875 1
1876 1876 1
1877 1877 3
1879 1879 3
187 187 3
1885 1885 3
1887 1887 2
1889 1889 0
1892 1892 1
189 189 3
1901 1901 3
1902 1902 1
1903 1903 0
1904 1904 0
1952 1952 3
1958 1958 2
1963 1963 3
1964 1964 0
1968 1968 0
1970 1970 0
1975 1975 2
1980 1980 2
1984 1984 0
1985 1985 1
1987 1987 3
1991 1991 3
1992 1992 3
1993 1993 0
1996 1996 3
1 1 1
2000 2000 1
2001 2001 0
2004 2004 0
2006 2006 1
2008 2008 2
2009 2009 1
200 200 0
2011 2011 3
2013 2013 3
2018 2018 3
2022 2022 0
2023 2023 1
2024 2024 0
2025 2025 2
2028 2028 1
202 202 0
2030 2030 0
2031 2031 3
2034 2034 0
2035 2035 3
2039 2039 1
203 203 3
2040 2040 2
2041 2041 3
2042 2042 1
2047 2047 3
2048 2048 1
204 204 1
2050 2050 2
2052 2052 1
2053 2053 3
2055 2055 1
2056 2056 0
2064 2064 0
2067 2067 3
2070 2070 3
2074 2074 0
2075 2075 3
2076 2076 1
2077 2077 3
207 207 0
2080 2080 1
2083 2083 1
2090 2090 2
2096 2096 2
2099 2099 0
2101 2101 0
210 210 0
2116 2116 0
2133 2133 3
2151 2151 1
2153 2153 3
2158 2158 1
215 215 0
2162 2162 2
2166 2166 0
216 216 0
2177 2177 0
2183 2183 2
2199 2199 1
2202 2202 1
2203 2203 0
2207 2207 2
2212 2212 1
2214 2214 2
2217 2217 3
2236 2236 3
2238 2238 0
2239 2239 3
2249 2249 1
2274 2274 0
2275 2275 1
2276 2276 3
2278 2278 0
2279 2279 3
2287 2287 3
2288 2288 2
2291 2291 0
2297 2297 2
22 22 1
2304 2304 0
2307 2307 1
2314 2314 2
2316 2316 0
2322 2322 1
2329 2329 2
2334 2334 1
2339 2339 0
2350 2350 1
2356 2356 1
2358 2358 3
2361 2361 1
2362 2362 1
2367 2367 1
2371 2371 3
2385 2385 2
2393 2393 1
2398 2398 1
2402 2402 3
2412 2412 0
241 241 1
2421 2421 3
2453 2453 2
2454 2454 0
2455 2455 3
2456 2456 0
2457 2457 2
2498 2498 0
2510 2510 0
2512 2512 2
2513 2513 3
2516 2516 1
251 251 1
252 252 0
2535 2535 3
253 253 1
2542 2542 2
2554 2554 0
2557 2557 2
2558 2558 2
2568 2568 1
2570 2570 1
2571 2571 3
2574 2574 3
2576 2576 3
258 258 2
2616 2616 3
2628 2628 3
2629 2629 1
262 262 3
2633 2633 0
2635 2635 0
2645 2645 3
2648 2648 2
2651 2651 0
2660 2660 0
2662 2662 3
2665 2665 3
266 266 3
2675 2675 3
2676 2676 0
2677 2677 1
2681 2681 0
2687 2687 2
268 268 3
2691 2691 1
2692 2692 1
2694 2694 3
26 26 1
2700 2700 2
2702 2702 3
2707 2707 2
2715 2715 0
2718 2718 2
2720 2720 2
2725 2725 3
2729 2729 3
2732 2732 3
2739 2739 1
2740 2740 3
2748 2748 0
2751 2751 1
2755 2755 3
2759 2759 3
2764 2764 1
276 276 3
2794 2794 3
2797 2797 0
279 279 3
2826 2826 0
2839 2839 3
2841 2841 2
2849 2849 2
2856 2856 3
2858 2858 2
285 285 3
2860 2860 3
2874 2874 0
287 287 1
2881 2881 1
2886 2886 1
2887 2887 3
288 288 1
2890 2890 1
2891 2891 3
2894 2894 0
2898 2898 1
2901 2901 3
2907 2907 3
2920 2920 0
2949 2949 3
294 294 0
2953 2953 3
2958 2958 0
295 295 1
2960 2960 3
2964 2964 2
2966 2966 2
2969 2969 1
296 296 2
2980 2980 1
298 298 3
2990 2990 3
2998 2998 3
3004 3004 0
3015 3015 3
3018 3018 1
3034 3034 2
3043 3043 3
3046 3046 3
3048 3048 3
3050 3050 3
305 305 2
3068 3068 2
3069 3069 3
3078 3078 0
3080 3080 2
3082 3082 0
3085 3085 3
3087 3087 3
3090 3090 2
3097 3097 0
3104 3104 1
3108 3108 3
3111 3111 2
3113 3113 3
311 311 3
3122 3122 3
3124 3124 3
3129 3129 2
3130 3130 2
3137 3137 2
3140 3140 3
3145 3145 2
3158 3158 2
3160 3160 2
3167 3167 2
3172 3172 3
3176 3176 1
3179 3179 0
3185 3185 1
3186 3186 2
3192 3192 3
3193 3193 0
3196 3196 3
3197 3197 2
3199 3199 3
319 319 1
3206 3206 1
3211 3211 2
3216 3216 1
3224 3224 1
3227 3227 0
322 322 2
3234 3234 1
323 323 3
3244 3244 1
3248 3248 1
3257 3257 2
325 325 2
3265 3265 0
3267 3267 3
3275 3275 0
3277 3277 1
3280 3280 2
3289 3289 0
328 328 2
3301 3301 3
3303 3303 2
3304 3304 3
3306 3306 0
330 330 0
3320 3320 2
3321 3321 1
3324 3324 0
3326 3326 1
3335 3335 3
3340 3340 3
3341 3341 0
3343 3343 2
3344 3344 0
3357 3357 3
3364 3364 3
3370 3370 2
3375 3375 3
337 337 1
3381 3381 2
3393 3393 3
3394 3394 3
3395 3395 3
3397 3397 3
3399 3399 2
339 339 3
33 33 3
3402 3402 3
3404 3404 2
3415 3415 2
3417 3417 1
341 341 0
3422 3422 1
3423 3423 2
3448 3448 2
3449 3449 0
3454 3454 2
345 345 0
3468 3468 3
3478 3478 2
347 347 0
3486 3486 3
3489 3489 0
3494 3494 2
3499 3499 3
349 349 1
352 352 0
3531 3531 0
3532 3532 1
3540 3540 3
3542 3542 0
3543 3543 0
3547 3547 2
3559 3559 3
3569 3569 1
3571 3571 2
357 357 3
3581 3581 2
3582 3582 2
3595 3595 0
3598 3598 2
35 35 2
3605 3605 2
3611 3611 0
3615 3615 3
3622 3622 3
3624 3624 0
3625 3625 3
3626 3626 2
3639 3639 2
363 363 0
3642 3642 0
3643 3643 1
3644 3644 0
3655 3655 1
3660 3660 0
366 366 3
3671 3671 3
3682 3682 0
3688 3688 1
3689 3689 2
368 368 0
3695 3695 2
36 36 2
3706 3706 1
3713 3713 0
3724 3724 0
3728 3728 3
3733 3733 0
3747 3747 0
3766 3766 3
3767 3767 2
3777 3777 0
3780 3780 3
3782 3782 0
3783 3783 2
3786 3786 0
3788 3788 1
3806 3806 1
380 380 2
3813 3813 0
3821 3821 1
3822 3822 1
3833 3833 1
3834 3834 1
3835 3835 2
3847 3847 0
3853 3853 3
3858 3858 0
3862 3862 0
3865 3865 0
3866 3866 1
3881 3881 1
3882 3882 0
3883 3883 3
3885 3885 1
3886 3886 1
38 38 0
3904 3904 3
3905 3905 2
3908 3908 0
3913 3913 3
3921 3921 3
3922 3922 3
3923 3923 0
3930 3930 1
3931 3931 3
3934 3934 3
3935 3935 0
3942 3942 0
3948 3948 0
394 394 1
3954 3954 0
3964 3964 3
3967 3967 0
3971 3971 0
3973 3973 3
3979 3979 3
397 397 2
3985 3985 1
3988 3988 2
3990 3990 1
3992 3992 2
3993 3993 2
3998 3998 0
4006 4006 3
4009 4009 0
4010 4010 3
4012 4012 3
4018 4018 3
4026 4026 1
4029 4029 2
4030 4030 2
4032 4032 3
4034 4034 3
4036 4036 2
4042 4042 2
4048 4048 3
4055 4055 0
4056 4056 0
4057 4057 2
4064 4064 1
4066 4066 2
4067 4067 1
4080 4080 0
4084 4084 2
4088 4088 2
4095 4095 2
40 40 0
4106 4106 0
4111 4111 2
411 411 0
4127 4127 3
4133 4133 0
4135 4135 0
4143 4143 0
4147 4147 2
4159 4159 0
4170 4170 2
4171 4171 3
4173 4173 0
4176 4176 3
4178 4178 2
4179 4179 0
4180 4180 0
4181 4181 1
4185 4185 3
4191 4191 3
4192 4192 0
4194 4194 2
4198 4198 2
4200 4200 0
4204 4204 0
4207 4207 2
420 420 2
4212 4212 0
4213 4213 0
4215 4215 0
4224 4224 1
4230 4230 3
4235 4235 1
4240 4240 1
4241 4241 3
4245 4245 2
4248 4248 2
4251 4251 2
4252 4252 0
4258 4258 1
4271 4271 2
4290 4290 3
4292 4292 3
4297 4297 0
429 429 1
42 42 2
4301 4301 3
4304 4304 0
4320 4320 3
4343 4343 2
4346 4346 2
4356 4356 2
4359 4359 0
4360 4360 0
4369 4369 3
437 437 1
4381 4381 3
4399 4399 1
439 439 1
440 440 3
4411 4411 2
441 441 0
4428 4428 3
4430 4430 0
4438 4438 1
4440 4440 3
4441 4441 0
4460 4460 1
4463 4463 1
4482 4482 2
4490 4490 3
4498 4498 3
4499 4499 0
44 44 3
4502 4502 3
4507 4507 3
4522 4522 0
4532 4532 0
4538 4538 0
4539 4539 2
4546 4546 3
4547 4547 2
4549 4549 2
4552 4552 2
4568 4568 0
4569 4569 2
4577 4577 3
4580 4580 3
4583 4583 2
4584 4584 2
4585 4585 3
4587 4587 1
4594 4594 0
4597 4597 3
4598 4598 3
45 45 1
4602 4602 2
4604 4604 3
4605 4605 3
4613 4613 0
4621 4621 1
4632 4632 3
4638 4638 0
463 463 0
4641 4641 1
4643 4643 2
4644 4644 3
4646 4646 3
4648 4648 0
4652 4652 2
4654 4654 2
4667 4667 3
466 466 3
4671 4671 3
4672 4672 3
4676 4676 1
4679 4679 1
4680 4680 3
468 468 2
4693 4693 3
4694 4694 1
4695 4695 0
4696 4696 1
4705 4705 0
4712 4712 1
4715 4715 3
4732 4732 1
4735 4735 3
4738 4738 1
473 473 0
4754 4754 2
4756 4756 0
4758 4758 3
4784 4784 0
4796 4796 3
4797 4797 2
4801 4801 0
4813 4813 3
4814 4814 3
481 481 3
4825 4825 1
4831 4831 2
4832 4832 0
4833 4833 3
4834 4834 2
4837 4837 3
483 483 3
4842 4842 0
4851 4851 3
4859 4859 3
4879 4879 1
4880 4880 3
4888 4888 0
4889 4889 3
488 488 3
4895 4895 0
4897 4897 2
4910 4910 0
4912 4912 2
4917 4917 0
4925 4925 3
4927 4927 2
4928 4928 0
4932 4932 2
4935 4935 1
4941 4941 1
4943 4943 3
4947 4947 0
4954 4954 0
495 495 1
4962 4962 0
4979 4979 2
497 497 1
4983 4983 0
4985 4985 2
4990 4990 3
4996 4996 1
4998 4998 3
4999 4999 0
500 500 0
5024 5024 0
5027 5027 0
502 502 1
5034 5034 2
503 503 0
5041 5041 2
5044 5044 1
5048 5048 0
5049 5049 0
5073 5073 1
5098 5098 1
5099 5099 2
5103 5103 1
5105 5105 3
5107 5107 2
512 512 0
5130 5130 0
5144 5144 0
5145 5145 1
5146 5146 3
5154 5154 1
5155 5155 2
5164 5164 2
5167 5167 3
5168 5168 2
5170 5170 1
5172 5172 3
5176 5176 0
5180 5180 2
5182 5182 2
5185 5185 3
5190 5190 0
5195 5195 3
5199 5199 0
5206 5206 3
5207 5207 2
5211 5211 3
5213 5213 0
5218 5218 1
5221 5221 1
5223 5223 0
5233 5233 0
5235 5235 0
5236 5236 3
5237 5237 2
5241 5241 2
5246 5246 0
5249 5249 0
5257 5257 0
5258 5258 0
5263 5263 3
5267 5267 1
5273 5273 0
5274 5274 2
5276 5276 0
5278 5278 0
5283 5283 0
5284 5284 1
5288 5288 3
5293 5293 2
5302 5302 3
5310 5310 2
5326 5326 0
5332 5332 3
533 533 0
5342 5342 2
5351 5351 0
5359 5359 3
5362 5362 0
5397 5397 0
539 539 3
53 53 0
5408 5408 3
5414 5414 0
5425 5425 0
542 542 0
5432 5432 0
5442 5442 2
5443 5443 0
5447 5447 0
5456 5456 2
5460 5460 3
5475 5475 1
5478 5478 0
5480 5480 2
5485 5485 3
5487 5487 0
5490 5490 2
5494 5494 0
5495 5495 0
549 549 3
5501 5501 0
5502 5502 3
5506 5506 3
5514 5514 1
5515 5515 3
5516 5516 3
5529 5529 2
5531 5531 3
5536 5536 3
5540 5540 0
5545 5545 3
554 554 2
5557 5557 3
5568 5568 0
556 556 2
5570 5570 1
5573 5573 1
5581 5581 2
5582 5582 0
5583 5583 0
5596 5596 1
55 55 0
5602 5602 0
5611 5611 0
5612 5612 1
5613 5613 1
561 561 3
5620 5620 0
5628 5628 0
5629 5629 0
5633 5633 0
5637 5637 0
563 563 3
5641 5641 3
5659 5659 1
5666 5666 0
5672 5672 0
5675 5675 3
567 567 1
5683 5683 2
5701 5701 0
5709 5709 1
5719 5719 3
5723 5723 3
5728 5728 2
572 572 1
5741 5741 1
5743 5743 1
5745 5745 3
574 574 0
5768 5768 3
5775 5775 0
5790 5790 0
5792 5792 0
5795 5795 3
579 579 0
5800 5800 1
5803 5803 3
580 580 3
5810 5810 3
5815 5815 1
581 581 1
5820 5820 1
5821 5821 0
5826 5826 3
5830 5830 3
5833 5833 3
583 583 0
5844 5844 0
5850 5850 0
5853 5853 2
5859 5859 0
5866 5866 1
5867 5867 3
5868 5868 1
5872 5872 0
5881 5881 3
5884 5884 0
5888 5888 0
5892 5892 1
5895 5895 1
589 589 3
58 58 0
5900 5900 0
5902 5902 1
5912 5912 3
5913 5913 2
5917 5917 1
5924 5924 3
5935 5935 1
5943 5943 3
595 595 2
5961 5961 3
5965 5965 0
5973 5973 3
5989 5989 3
5996 5996 1
5998 5998 2
5999 5999 2
6005 6005 0
6013 6013 0
6020 6020 3
6025 6025 2
602 602 0
6035 6035 0
6042 6042 2
6045 6045 0
6056 6056 0
6064 6064 3
6065 6065 3
6074 6074 3
6077 6077 0
607 607 0
6085 6085 3
6093 6093 3
6099 6099 3
609 609 0
60 60 2
6103 6103 2
6105 6105 0
6108 6108 0
610 610 3
6115 6115 2
6117 6117 3
6120 6120 3
6124 6124 3
6127 6127 1
6131 6131 3
613 613 2
6169 6169 2
6179 6179 2
6184 6184 2
6187 6187 0
6189 6189 2
6191 6191 0
6192 6192 2
6204 6204 3
6206 6206 0
6214 6214 1
6216 6216 3
6221 6221 2
6228 6228 1
6235 6235 3
6238 6238 1
6239 6239 1
6244 6244 0
6248 6248 1
6249 6249 3
6250 6250 0
6252 6252 2
6257 6257 1
6263 6263 0
6269 6269 2
6274 6274 2
6284 6284 2
6285 6285 0
6296 6296 0
62 62 3
6314 6314 0
6316 6316 2
6321 6321 2
6326 6326 2
6335 6335 0
6341 6341 1
6348 6348 0
6351 6351 1
6356 6356 3
6363 6363 0
6366 6366 2
6367 6367 1
6373 6373 1
637 637 1
6381 6381 2
6387 6387 1
63 63 0
644 644 3
6450 6450 1
645 645 1
646 646 0
6483 6483 1
6484 6484 3
6491 6491 2
6493 6493 2
64 64 0
650 650 2
651 651 0
6544 6544 3
6545 6545 2
6547 6547 2
6560 6560 2
656 656 3
6573 6573 3
6583 6583 3
6589 6589 3
6599 6599 2
6613 6613 2
6617 6617 1
6633 6633 2
6634 6634 1
664 664 3
6667 6667 1
6677 6677 0
667 667 1
6689 6689 3
6690 6690 0
6695 6695 3
6699 6699 1
669 669 0
6704 6704 3
6706 6706 2
6721 6721 2
6722 6722 2
6725 6725 2
6731 6731 0
6733 6733 3
6734 6734 3
6738 6738 3
6750 6750 1
6758 6758 0
675 675 3
6780 6780 3
678 678 3
6791 6791 3
6793 6793 3
6810 6810 2
6812 6812 2
6814 6814 1
6815 6815 2
6829 6829 0
682 682 0
6832 6832 1
684 684 0
6851 6851 2
6857 6857 0
6858 6858 3
6859 6859 3
685 685 3
6860 6860 1
6861 6861 0
6866 6866 0
6869 6869 3
6873 6873 3
6874 6874 3
6875 6875 3
6879 6879 3
6882 6882 2
6885 6885 2
6889 6889 2
688 688 3
6897 6897 2
6900 6900 3
6908 6908 3
6910 6910 1
6916 6916 0
6923 6923 3
6927 6927 0
6928 6928 1
6934 6934 3
6935 6935 0
6936 6936 3
693 693 2
6943 6943 1
6952 6952 3
6959 6959 3
6965 6965 0
6971 6971 1
6981 6981 3
6985 6985 1
6989 6989 0
6993 6993 3
6 6 3
7011 7011 0
7013 7013 2
7014 7014 0
7019 7019 0
7020 7020 3
7028 7028 3
703 703 1
7047 7047 3
704 704 2
7053 7053 0
7055 7055 3
7070 7070 0
7072 7072 0
7080 7080 3
7082 7082 0
7089 7089 0
7092 7092 2
7098 7098 2
7099 7099 2
7103 7103 1
7114 7114 0
7134 7134 3
7141 7141 3
7144 7144 3
7153 7153 3
7155 7155 2
7156 7156 3
7163 7163 0
717 717 0
7184 7184 1
7189 7189 1
7190 7190 0
7195 7195 2
7198 7198 1
7199 7199 0
71 71 3
7214 7214 2
7218 7218 0
721 721 0
7222 7222 2
7224 7224 1
7228 7228 0
722 722 2
7231 7231 0
7232 7232 0
7244 7244 1
7245 7245 1
7252 7252 0
7257 7257 1
7258 7258 3
7261 7261 1
7266 7266 1
7267 7267 3
726 726 2
7280 7280 1
7284 7284 0
7285 7285 2
7292 7292 1
7297 7297 3
72 72 3
7307 7307 1
7312 7312 3
7320 7320 2
7322 7322 1
7336 7336 3
7339 7339 3
7345 7345 0
734 734 0
7358 7358 3
7360 7360 3
7362 7362 3
7372 7372 1
7376 7376 0
7377 7377 3
7379 7379 2
7382 7382 3
7384 7384 2
7393 7393 0
7403 7403 1
7405 7405 2
7413 7413 3
7446 7446 2
7450 7450 1
7454 7454 0
745 745 3
7465 7465 3
7466 7466 2
7470 7470 0
7471 7471 3
7475 7475 2
7485 7485 2
748 748 3
7493 7493 1
7498 7498 3
749 749 0
74 74 0
7504 7504 2
7510 7510 0
7520 7520 1
7527 7527 1
7538 7538 3
7544 7544 1
7547 7547 3
7549 7549 3
754 754 3
7561 7561 3
7565 7565 3
7567 7567 0
7568 7568 0
7569 7569 2
7585 7585 3
758 758 0
7597 7597 3
75 75 2
7610 7610 3
7611 7611 3
7613 7613 2
7616 7616 3
761 761 2
7622 7622 2
762 762 3
7636 7636 0
7639 7639 0
763 763 3
7646 7646 2
7657 7657 1
7659 7659 3
7670 7670 0
7685 7685 2
7688 7688 1
7693 7693 1
7700 7700 0
7701 7701 1
7707 7707 0
7708 7708 3
7711 7711 3
7722 7722 0
7732 7732 0
7733 7733 2
7735 7735 3
7753 7753 2
7757 7757 3
7759 7759 3
775 775 0
7761 7761 0
7763 7763 2
776 776 0
777 777 3
7781 7781 2
7783 7783 2
7785 7785 0
7787 7787 0
7798 7798 3
779 779 0
77 77 2
7800 7800 2
781 781 2
7824 7824 3
7828 7828 3
782 782 1
7841 7841 1
7842 7842 2
7847 7847 3
7854 7854 2
7857 7857 2
7876 7876 0
7882 7882 0
7888 7888 1
7899 7899 2
7905 7905 2
7907 7907 2
7912 7912 1
7915 7915 0
7923 7923 0
7929 7929 3
792 792 3
7931 7931 0
7945 7945 1
7948 7948 3
7953 7953 3
7954 7954 3
7955 7955 2
7959 7959 3
7967 7967 1
7981 7981 1
7989 7989 2
798 798 2
7992 7992 0
799 799 2
8015 8015 1
803 803 2
8041 8041 3
8046 8046 3
8049 8049 3
8052 8052 3
8056 8056 1
8058 8058 2
8060 8060 0
806 806 1
8073 8073 0
8076 8076 1
807 807 2
8085 8085 1
8089 8089 2
808 808 0
8090 8090 0
8100 8100 0
811 811 1
8120 8120 0
8129 8129 1
8132 8132 2
8134 8134 3
8135 8135 1
8138 8138 2
8139 8139 0
813 813 3
814 814 2
8155 8155 3
816 816 2
8178 8178 3
8180 8180 0
8184 8184 2
81 81 1
8202 8202 1
8203 8203 2
8204 8204 1
8206 8206 1
820 820 3
8212 8212 3
8217 8217 0
822 822 1
8237 8237 0
8238 8238 3
8246 8246 0
8266 8266 2
8274 8274 3
8291 8291 2
829 829 0
8301 8301 1
8304 8304 0
8314 8314 2
8318 8318 1
8319 8319 0
8327 8327 3
832 832 3
8336 8336 3
8352 8352 0
835 835 2
8360 8360 0
8363 8363 1
8369 8369 0
836 836 0
8379 8379 3
8387 8387 2
839 839 0
8403 8403 0
8415 8415 3
8416 8416 0
8417 8417 1
8423 8423 2
8427 8427 3
842 842 1
8432 8432 3
8449 8449 0
845 845 3
8463 8463 0
8466 8466 0
8476 8476 1
8499 8499 3
850 850 0
8522 8522 3
8529 8529 0
8534 8534 0
8538 8538 0
8546 8546 1
8547 8547 3
854 854 3
8554 8554 1
8561 8561 0
8563 8563 2
8565 8565 2
8567 8567 0
8578 8578 0
8588 8588 0
8592 8592 1
8594 8594 2
8598 8598 3
8599 8599 3
8619 8619 2
862 862 3
8632 8632 2
8635 8635 2
8641 8641 3
8655 8655 0
8656 8656 2
865 865 1
8666 8666 0
8675 8675 1
8685 8685 3
8701 8701 1
8707 8707 0
8723 8723 0
8729 8729 1
8731 8731 1
8737 8737 2
8739 8739 3
8747 8747 2
8766 8766 0
8780 8780 3
8787 8787 2
8788 8788 3
8796 8796 0
8803 8803 2
8808 8808 2
8818 8818 3
881 881 0
8834 8834 0
8841 8841 3
8844 8844 0
8852 8852 2
8864 8864 0
8874 8874 3
887 887 0
8883 8883 0
8885 8885 0
8890 8890 2
8905 8905 0
8911 8911 1
8915 8915 0
891 891 0
8930 8930 0
8933 8933 0
8934 8934 1
8936 8936 2
8939 8939 2
8947 8947 0
8948 8948 0
8951 8951 0
8977 8977 1
8978 8978 0
8985 8985 3
8988 8988 2
898 898 0
8990 8990 3
8 8 3
9023 9023 3
9024 9024 3
9039 9039 3
903 903 0
9046 9046 1
9050 9050 2
9072 9072 1
9078 9078 3
9079 9079 3
9081 9081 3
909 909 0
90 90 2
9107 9107 0
9111 9111 2
9119 9119 1
9126 9126 1
9129 9129 3
912 912 0
9133 9133 3
9135 9135 1
9143 9143 1
9146 9146 2
9158 9158 0
915 915 0
9164 9164 3
9166 9166 3
916 916 3
9172 9172 1
9174 9174 2
9185 9185 2
9187 9187 0
9188 9188 3
918 918 3
9195 9195 0
920 920 3
9215 9215 0
9217 9217 0
9218 9218 2
9220 9220 3
9223 9223 0
922 922 3
9232 9232 0
9243 9243 2
9246 9246 3
9247 9247 3
9248 9248 0
924 924 3
9259 9259 1
925 925 0
9262 9262 3
926 926 3
9276 9276 0
9277 9277 2
9278 9278 0
9281 9281 3
9283 9283 0
9307 9307 3
9314 9314 2
9323 9323 1
9324 9324 0
9327 9327 1
9351 9351 0
9360 9360 3
9366 9366 0
9367 9367 2
9369 9369 3
9372 9372 0
9375 9375 3
937 937 1
9380 9380 1
9399 9399 3
9413 9413 0
9421 9421 0
9427 9427 1
9429 9429 1
9430 9430 0
943 943 3
9450 9450 3
9453 9453 0
9457 9457 3
945 945 0
9468 9468 1
9471 9471 3
9480 9480 2
9486 9486 0
9489 9489 0
949 949 0
9516 9516 3
9518 9518 0
9519 9519 0
951 951 3
9527 9527 2
952 952 1
9530 9530 1
9539 9539 3
9541 9541 0
9548 9548 0
954 954 3
9561 9561 1
9565 9565 2
9568 9568 1
9575 9575 2
9589 9589 0
9616 9616 2
9635 9635 2
9656 9656 3
966 966 3
9672 9672 0
968 968 0
9697 9697 3
9702 9702 3
9719 9719 2
9720 9720 3
9724 9724 3
9726 9726 3
972 972 0
9735 9735 3
9743 9743 2
9747 9747 3
9749 9749 0
9752 9752 3
9762 9762 1
9765 9765 0
9781 9781 1
9784 9784 0
9796 9796 0
9799 9799 3
9803 9803 2
9804 9804 2
9812 9812 3
9817 9817 3
9832 9832 1
9835 9835 0
9839 9839 3
9849 9849 0
9862 9862 1
9869 9869 3
9871 9871 1
9876 9876 0
9886 9886 3
9905 9905 3
9906 9906 1
990 990 0
991 991 0
9920 9920 1
9928 9928 1
9941 9941 3
994 994 3
9969 9969 3
9974 9974 1
9979 9979 2
999 999 3
99 99 0
