10	10
10012	10012
10036	10036
10097	10097
1010	1010
10100	10100
10106	10106
1013	1013
1020	1020
10216	10216
1022	1022
10232	10232
1024	1024
10246	10246
1026	1026
10260	10260
1028	1028
1033	1033
1034	1034
10348	10348
1036	1036
10374	10374
10381	10381
10383	10383
10384	10384
1039	1039
10408	10408
1041	1041
1047	1047
10489	10489
10490	10490
10492	10492
10530	10530
10542	10542
10544	10544
10572	10572
1058	1058
10586	10586
1059	1059
1060	1060
10635	10635
10653	10653
1066	1066
1071	1071
1075	1075
1077	1077
10773	10773
10785	10785
1079	1079
10790	10790
1085	1085
10897	10897
1091	1091
10962	10962
10984	10984
11	11
11012	11012
11015	11015
1103	1103
1104	1104
11053	11053
11062	11062
11069	11069
11076	11076
11082	11082
1114	1114
1121	1121
1125	1125
1129	1129
1131	1131
1133	1133
1134	1134
11377	11377
11393	11393
11396	11396
11397	11397
1142	1142
11458	11458
11462	11462
11493	11493
11502	11502
11526	11526
11528	11528
11531	11531
11548	11548
11557	11557
11562	11562
11584	11584
11585	11585
1163	1163
11643	11643
1165	1165
11700	11700
11753	11753
1177	1177
11790	11790
11795	11795
118	118
11828	11828
1190	1190
1196	1196
1209	1209
1214	1214
1221	1221
1227	1227
123	123
1233	1233
1235	1235
124	124
126	126
1275	1275
1281	1281
1288	1288
1290	1290
13	13
1312	1312
1325	1325
1341	1341
1342	1342
1366	1366
1374	1374
1379	1379
1382	1382
1384	1384
1392	1392
14	14
1401	1401
1404	1404
141	141
1412	1412
1414	1414
1420	1420
1430	1430
1432	1432
1440	1440
1442	1442
1445	1445
1446	1446
1447	1447
1459	1459
1462	1462
1465	1465
1466	1466
1467	1467
1470	1470
1494	1494
1499	1499
1503	1503
1507	1507
1514	1514
1515	1515
1521	1521
1522	1522
1531	1531
1537	1537
1564	1564
1565	1565
1568	1568
1573	1573
1578	1578
1588	1588
159	159
16	16
1600	1600
1610	1610
1615	1615
1623	1623
1626	1626
1627	1627
1631	1631
1641	1641
1653	1653
1658	1658
1664	1664
1668	1668
1669	1669
1685	1685
1686	1686
1697	1697
1699	1699
17	17
1702	1702
1705	1705
1707	1707
1712	1712
1717	1717
1718	1718
1720	1720
1723	1723
1742	1742
1743	1743
1745	1745
175	175
1759	1759
1763	1763
1764	1764
177	177
1776	1776
1778	1778
1784	1784
1785	1785
1788	1788
1790	1790
180	180
1802	1802
1808	1808
1810	1810
1811	1811
1813	1813
1814	1814
1815	1815
1822	1822
1825	1825
1833	1833
1841	1841
1853	1853
1858	1858
187	187
1875	1875
1876	1876
1887	1887
1889	1889
189	189
1892	1892
1901	1901
1902	1902
1903	1903
1904	1904
1958	1958
1963	1963
1968	1968
1970	1970
1975	1975
1980	1980
1984	1984
1985	1985
1991	1991
1992	1992
1993	1993
1996	1996
200	200
2000	2000
2001	2001
2004	2004
2006	2006
2008	2008
2009	2009
2013	2013
202	202
2022	2022
2023	2023
2024	2024
2025	2025
2030	2030
2034	2034
2039	2039
204	204
2042	2042
2048	2048
2050	2050
2052	2052
2055	2055
2056	2056
2064	2064
207	207
2074	2074
2076	2076
2077	2077
2080	2080
2083	2083
2090	2090
2096	2096
2099	2099
210	210
2116	2116
215	215
2151	2151
2158	2158
216	216
2162	2162
2166	2166
2177	2177
2183	2183
22	22
2202	2202
2212	2212
2214	2214
2217	2217
2238	2238
2249	2249
2274	2274
2276	2276
2278	2278
2288	2288
2291	2291
2307	2307
2314	2314
2329	2329
2334	2334
2339	2339
2350	2350
2356	2356
2361	2361
2362	2362
2367	2367
2371	2371
2385	2385
2402	2402
241	241
2412	2412
2421	2421
2453	2453
2454	2454
2455	2455
2456	2456
2457	2457
2498	2498
251	251
2510	2510
2512	2512
2516	2516
252	252
253	253
2542	2542
2554	2554
2557	2557
2558	2558
2568	2568
2576	2576
26	26
2633	2633
2635	2635
2648	2648
266	266
2660	2660
2676	2676
2677	2677
268	268
2681	2681
2687	2687
2692	2692
2702	2702
2718	2718
2720	2720
2739	2739
2740	2740
2751	2751
2755	2755
2759	2759
276	276
2764	2764
279	279
2794	2794
2797	2797
2826	2826
2841	2841
2849	2849
285	285
2858	2858
2860	2860
287	287
2874	2874
2881	2881
2886	2886
2890	2890
2891	2891
2898	2898
2901	2901
2907	2907
2920	2920
295	295
2958	2958
296	296
2964	2964
2969	2969
2980	2980
2990	2990
2998	2998
3004	3004
3018	3018
3034	3034
3046	3046
3069	3069
3078	3078
3080	3080
3090	3090
3104	3104
311	311
3111	3111
3113	3113
3129	3129
3130	3130
3137	3137
3140	3140
3145	3145
3158	3158
3167	3167
3176	3176
3179	3179
319	319
3193	3193
3196	3196
3197	3197
3206	3206
3211	3211
3216	3216
3227	3227
323	323
3244	3244
3248	3248
325	325
3257	3257
3265	3265
3275	3275
328	328
3280	3280
3289	3289
330	330
3304	3304
3306	3306
3320	3320
3321	3321
3324	3324
3326	3326
3340	3340
3341	3341
3343	3343
3344	3344
337	337
3381	3381
3394	3394
3399	3399
3404	3404
341	341
3415	3415
3417	3417
3422	3422
3449	3449
345	345
3454	3454
347	347
3478	3478
3486	3486
3489	3489
349	349
3494	3494
3499	3499
35	35
3531	3531
3532	3532
3543	3543
3547	3547
3569	3569
3582	3582
3598	3598
36	36
3605	3605
3611	3611
3622	3622
3625	3625
363	363
3639	3639
3642	3642
3643	3643
3644	3644
3655	3655
366	366
368	368
3682	3682
3689	3689
3695	3695
3724	3724
3728	3728
3747	3747
3766	3766
3777	3777
3780	3780
3786	3786
3788	3788
38	38
380	380
3821	3821
3834	3834
3835	3835
3847	3847
3853	3853
3862	3862
3865	3865
3866	3866
3881	3881
3882	3882
3883	3883
3905	3905
3908	3908
3913	3913
3921	3921
3923	3923
3935	3935
3942	3942
3948	3948
3954	3954
3964	3964
3967	3967
397	397
3979	3979
3988	3988
3990	3990
3992	3992
4009	4009
4018	4018
4029	4029
4030	4030
4032	4032
4036	4036
4048	4048
4055	4055
4056	4056
4066	4066
4067	4067
4080	4080
4084	4084
4095	4095
4106	4106
411	411
4127	4127
4143	4143
4147	4147
4159	4159
4173	4173
4178	4178
4181	4181
4185	4185
4194	4194
42	42
420	420
4200	4200
4212	4212
4215	4215
4230	4230
4240	4240
4245	4245
4248	4248
4251	4251
4258	4258
4290	4290
4346	4346
4356	4356
4359	4359
437	437
439	439
4399	4399
441	441
4411	4411
4441	4441
4463	4463
4482	4482
4498	4498
4499	4499
4507	4507
4532	4532
4539	4539
4549	4549
4569	4569
4580	4580
4594	4594
4605	4605
4621	4621
463	463
4632	4632
4643	4643
4646	4646
4648	4648
466	466
4671	4671
4672	4672
4679	4679
468	468
4680	4680
4693	4693
4694	4694
4695	4695
4712	4712
4715	4715
473	473
4735	4735
4756	4756
4784	4784
4797	4797
4801	4801
481	481
4814	4814
4825	4825
4833	4833
4837	4837
4859	4859
4879	4879
4888	4888
4895	4895
4897	4897
4927	4927
4932	4932
4935	4935
4941	4941
4943	4943
495	495
4962	4962
497	497
4983	4983
4990	4990
4996	4996
4998	4998
4999	4999
500	500
502	502
5027	5027
503	503
5041	5041
5044	5044
5048	5048
5049	5049
5073	5073
5105	5105
5107	5107
5130	5130
5144	5144
5145	5145
5146	5146
5154	5154
5155	5155
5164	5164
5167	5167
5168	5168
5172	5172
5182	5182
5190	5190
5207	5207
5218	5218
5221	5221
5223	5223
5233	5233
5235	5235
5236	5236
5246	5246
5249	5249
5257	5257
5263	5263
5273	5273
5274	5274
5276	5276
5284	5284
5288	5288
5293	5293
53	53
5310	5310
5326	5326
533	533
5332	5332
5342	5342
5351	5351
5359	5359
539	539
5397	5397
5408	5408
5414	5414
5425	5425
5432	5432
5442	5442
5443	5443
5447	5447
5456	5456
5460	5460
5478	5478
5487	5487
549	549
5490	5490
5494	5494
5495	5495
55	55
5501	5501
5515	5515
5531	5531
5536	5536
554	554
5540	5540
5545	5545
5557	5557
5568	5568
5570	5570
5581	5581
5582	5582
5602	5602
561	561
5612	5612
5613	5613
5620	5620
5628	5628
5629	5629
563	563
5637	5637
5659	5659
567	567
5675	5675
5701	5701
5709	5709
5719	5719
5723	5723
5728	5728
574	574
5741	5741
5743	5743
5745	5745
5790	5790
58	58
5800	5800
5803	5803
581	581
5815	5815
5820	5820
5821	5821
583	583
5830	5830
5833	5833
5850	5850
5866	5866
5872	5872
5884	5884
589	589
5892	5892
5900	5900
5902	5902
5917	5917
5924	5924
5935	5935
5943	5943
595	595
5961	5961
5965	5965
5996	5996
5999	5999
60	60
6005	6005
6013	6013
602	602
6020	6020
6025	6025
6035	6035
6042	6042
6045	6045
6064	6064
607	607
6077	6077
609	609
6099	6099
6103	6103
6105	6105
6115	6115
6117	6117
6120	6120
6127	6127
613	613
6131	6131
6169	6169
6179	6179
6189	6189
6192	6192
62	62
6204	6204
6206	6206
6214	6214
6216	6216
6221	6221
6238	6238
6239	6239
6244	6244
6248	6248
6250	6250
6252	6252
6257	6257
6263	6263
6269	6269
6274	6274
6284	6284
6285	6285
6296	6296
63	63
6335	6335
6341	6341
6351	6351
6356	6356
6367	6367
6381	6381
64	64
644	644
645	645
6450	6450
646	646
6484	6484
6491	6491
650	650
6544	6544
6633	6633
6634	6634
667	667
669	669
6690	6690
6706	6706
6721	6721
6733	6733
6758	6758
678	678
6780	6780
6814	6814
682	682
6832	6832
684	684
685	685
6858	6858
6860	6860
6861	6861
6875	6875
6897	6897
6916	6916
6927	6927
6928	6928
693	693
6934	6934
6971	6971
6989	6989
6993	6993
7011	7011
7014	7014
7020	7020
7028	7028
704	704
7055	7055
7070	7070
7089	7089
7099	7099
7103	7103
7155	7155
7156	7156
717	717
7184	7184
7190	7190
721	721
7214	7214
722	722
7224	7224
7228	7228
7244	7244
7257	7257
726	726
7285	7285
7297	7297
7322	7322
7345	7345
7360	7360
74	74
7403	7403
7405	7405
7413	7413
745	745
7454	7454
7470	7470
7471	7471
7475	7475
748	748
749	749
7498	7498
75	75
7510	7510
7520	7520
754	754
7544	7544
7547	7547
7561	7561
7565	7565
7567	7567
7568	7568
7569	7569
758	758
761	761
762	762
7622	7622
763	763
7636	7636
7670	7670
7693	7693
7707	7707
775	775
7753	7753
7757	7757
7759	7759
776	776
7763	7763
777	777
7781	7781
7785	7785
779	779
7798	7798
7800	7800
781	781
7842	7842
7854	7854
7857	7857
7876	7876
7888	7888
7907	7907
792	792
7931	7931
7959	7959
798	798
7981	7981
7989	7989
799	799
8	8
8056	8056
806	806
807	807
808	808
8090	8090
81	81
811	811
8129	8129
813	813
8139	8139
816	816
8180	8180
820	820
8202	8202
8204	8204
8304	8304
8318	8318
8319	8319
8352	8352
836	836
8360	8360
8363	8363
8387	8387
839	839
8403	8403
8415	8415
8416	8416
842	842
845	845
8466	8466
8476	8476
850	850
8529	8529
8534	8534
8538	8538
854	854
8546	8546
8563	8563
8565	8565
8578	8578
8588	8588
8619	8619
862	862
865	865
8656	8656
8666	8666
8701	8701
8723	8723
8737	8737
8747	8747
8766	8766
8834	8834
8844	8844
887	887
8874	8874
8883	8883
891	891
8939	8939
8947	8947
898	898
90	90
9023	9023
903	903
9039	9039
9046	9046
9078	9078
9081	9081
909	909
9111	9111
912	912
9126	9126
9129	9129
9143	9143
915	915
916	916
9164	9164
9166	9166
9172	9172
918	918
9185	9185
920	920
9217	9217
9218	9218
922	922
9232	9232
9243	9243
9247	9247
925	925
926	926
9262	9262
9277	9277
9281	9281
9283	9283
9314	9314
9323	9323
9327	9327
9366	9366
9413	9413
9427	9427
943	943
9430	9430
9480	9480
9486	9486
949	949
951	951
9519	9519
952	952
954	954
9541	9541
9656	9656
966	966
968	968
972	972
9749	9749
9752	9752
9762	9762
9765	9765
9781	9781
9784	9784
9817	9817
9832	9832
9835	9835
9839	9839
9849	9849
9862	9862
9876	9876
99	99
990	990
9906	9906
9928	9928
9974	9974
999	999
