10	10	0.00345514	0.00922992	0.0028112	0.0132226	0
10012	10012	0.00188734	-0.00503607	0.00848447	0.00813687	1
10036	10036	-0.00818077	-0.0102731	0.00118275	-0.00249268	0
10097	10097	-0.00946667	-0.00839024	0.00223828	-0.00662108	1
1010	1010	0.00124658	-0.00554219	0.00582874	-0.000315895	0
10100	10100	-0.00371772	-0.00677474	0.00262642	0.000722593	1
10106	10106	-0.00644214	-0.00374172	-0.000291034	-0.00398554	1
1013	1013	-0.0112481	-0.00371547	-0.000659633	0.00250591	0
10188	10188	-0.00836628	-0.00640496	0.00183505	-0.000447535	0
1020	1020	-0.0105306	-0.00693622	-0.00139854	5.48524e-05	0
10216	10216	-0.00636153	-0.00110658	0.00173543	0.00303044	0
1022	1022	-0.0116521	-0.00323476	0.00174435	0.00150555	0
10232	10232	-0.00416406	-0.00442602	-0.0022913	-0.00389197	0
1024	1024	-0.00616435	-0.0035567	-0.00155799	-0.00033114	1
10246	10246	-0.0077778	-0.00348325	-0.00316605	-0.00606375	0
1026	1026	-0.0106376	-0.00578446	-0.00223103	0.00134104	1
10260	10260	-0.00778917	-0.00684574	-0.00272511	-0.000343959	1
1028	1028	-0.00976516	-0.00359297	-0.00327779	0.00203256	1
1033	1033	0.0047089	-0.00070232	0.000489986	0.00870036	0
1034	1034	0.000692696	0.00254736	-0.000125603	0.00561106	0
10348	10348	-0.00123859	-0.00439382	0.00450569	0.00500181	0
1036	1036	-0.0113379	-0.0065596	-0.000573231	-0.000707226	0
10374	10374	-0.002781	-0.00620618	-0.00268741	0.00317838	1
10381	10381	-0.00706685	-0.00171227	-0.00390424	2.85024e-05	1
10383	10383	-0.00622264	-0.000540201	0.00016382	-0.000823708	0
10384	10384	-0.00738081	-0.011369	0.00173246	-0.00726051	1
1039	1039	-0.00973745	-0.00119112	-0.00313809	-0.000906636	0
10408	10408	-0.00670329	-0.00253981	-0.00331627	-0.00279992	1
1041	1041	-0.00943801	-0.00321757	-0.000795291	0.000127963	1
10424	10424	0.0936048	-0.0334666	-0.00772119	0.0266368	1
1047	1047	-0.00848135	-0.00623616	0.00176153	0.00364404	0
10489	10489	-0.00491553	0.00260818	-0.00116649	-0.00314223	0
10490	10490	-0.00622227	-0.00530706	0.00229394	-0.00153268	1
10492	10492	-0.00880088	-0.00234671	-0.00429249	0.00100343	1
10530	10530	-0.00907995	-0.00405626	-0.00353002	-0.00513747	0
10542	10542	-0.00752648	-7.9882e-05	-0.00139217	-0.00314447	1
10544	10544	0.00281646	0.00925379	-0.00198888	0.000209936	0
10572	10572	-0.00669082	-0.00623235	-0.00499376	-0.00275315	1
1058	1058	-0.0113611	-0.00570936	-0.0026476	-0.00131394	1
10586	10586	-0.00730897	-0.00701126	-0.00286129	0.000742911	0
1060	1060	-0.00786953	-0.000439676	-0.000903146	0.00243739	0
10635	10635	-0.00944375	-0.00548138	-0.00307369	-0.000371753	1
10645	10645	-0.00145591	0.00930179	-0.00564808	-0.000338767	1
10653	10653	-0.00654237	-0.00293531	-0.00466801	-0.00562928	1
1066	1066	-0.00828765	-0.00362605	-0.00237917	0.0027737	0
1071	1071	-0.00569772	0.00144939	-0.00446895	0.00276398	0
1075	1075	-0.00951334	-0.000412693	-0.002149	-0.00135555	1
1077	1077	-0.0110791	-0.00118909	-0.00176033	0.00142819	0
10773	10773	-0.00820546	0.00264493	0.000418064	-0.00494464	0
10785	10785	-0.00786119	-0.0089856	-8.00346e-05	-0.000195401	1
1079	1079	-0.00576856	-0.00611357	-0.00200724	0.000512202	1
10790	10790	-0.00749416	-0.00762716	0.00393626	-0.0026119	0
1085	1085	-0.0119243	-0.00499236	-0.000821152	0.00160987	0
10897	10897	-0.0100642	-0.00600821	0.000756361	0.002479	1
1091	1091	-0.0114297	-0.00569215	-0.0032456	0.000942437	0
10962	10962	-0.00158784	-0.00732378	-0.0051503	-0.00236753	1
10964	10964	0.0455805	0.00951246	-0.00319792	0.0149105	1
10984	10984	-0.00987323	-0.00418591	-0.000929877	-0.00592327	0
11	11	0.00539309	3.58925e-05	-9.7897e-05	0.0111905	0
11012	11012	-0.00921078	-0.00504199	0.00131798	-0.00915096	1
11015	11015	-0.00773815	-0.00644101	-0.00125784	-0.00114426	1
1103	1103	-0.0101338	-0.00420298	-0.00244876	0.00231658	1
1104	1104	-0.00884505	-0.00535365	0.00109973	0.00143656	1
11053	11053	-0.00672393	-0.00621556	0.000774329	-0.00273636	0
11062	11062	-0.00853013	-0.0073414	-0.0010234	-0.00258739	1
11069	11069	-0.00932763	2.18525e-05	-0.00190529	-0.0022265	1
11076	11076	-0.00690418	-0.00335625	-0.00162762	-0.00223108	1
11082	11082	-0.00863327	-0.00261304	-0.00128571	-0.00181108	0
11135	11135	0.0146242	0.0362536	0.00275029	-0.00145873	1
1114	1114	-0.0124423	-0.00511895	-0.00392732	0.00122441	0
1121	1121	-0.00752422	-0.00101014	-0.00181134	-0.00028115	1
1125	1125	-0.0089066	-0.00398751	-0.000773277	-0.00115251	0
1129	1129	-0.0076507	-0.00385175	0.0001929	-0.000214052	0
1131	1131	-0.0125797	-0.0053119	-0.00410226	-0.000710368	1
1133	1133	-0.0115156	-0.00361197	0.00103976	-0.000373642	0
1134	1134	-0.00810507	-0.00547593	-0.0034809	0.00172722	1
11377	11377	-0.00519068	0.00448752	0.00532751	0.00407213	0
11393	11393	-0.0080432	-0.00643107	0.000602647	-0.00431519	1
11396	11396	-0.00248062	-0.00251686	-0.00137355	0.00595322	1
11397	11397	-0.00861429	-0.00499221	0.00167817	-0.0039264	1
1142	1142	-0.00513557	-0.00560421	0.000873268	0.00423944	1
11458	11458	-0.00742877	-0.00488133	0.000932465	-0.00630894	1
11462	11462	-0.00624008	-0.00237114	0.00261952	-0.000899343	1
11493	11493	-0.00609543	-0.00150981	-0.0029367	0.0010947	1
11502	11502	-0.00929974	-0.00325476	-0.00341527	-0.00717596	1
11526	11526	-0.00708205	-0.00496577	0.00324019	0.00373875	1
11528	11528	-0.00815928	-0.00264662	-9.97123e-05	0.000168692	0
11531	11531	-0.00879608	-0.00784216	0.00159399	-0.000312157	0
11548	11548	-0.00594398	-0.000443838	0.00515246	7.07612e-05	1
11557	11557	-0.00595149	-0.00702351	-0.00147867	0.00899971	1
11562	11562	-0.00782114	-0.00989745	-0.00282106	-0.000458796	0
11584	11584	-0.00551269	0.00098109	0.00229047	-0.00173809	1
11585	11585	-0.00723308	-0.00536254	0.00320239	0.00897101	1
1163	1163	-0.00915581	-0.00457538	-0.000966769	0.00145988	0
11643	11643	-0.00262059	0.0055935	0.00353073	0.00147559	0
1165	1165	-0.0124262	-0.00473392	-0.00094783	-0.00151251	1
11669	11669	0.0885619	0.19847	0.000226284	-0.0266414	0
11700	11700	-0.00700813	-0.00479442	-0.00432642	-0.000420673	0
11747	11747	0.0925004	-0.0242335	-0.00307747	0.0250451	0
11753	11753	-0.00847755	-0.00785291	-0.00191921	0.00180924	0
1177	1177	-0.0105312	-0.00409854	-0.000802556	-0.000511912	0
11785	11785	-0.0010594	0.0106583	0.000165789	0.00572055	0
11790	11790	-0.00258571	-0.0040527	0.00157968	0.007187	1
11795	11795	-0.00367879	-0.00553011	-0.0012506	0.000731804	1
11796	11796	0.044321	-0.00426138	-0.00242392	0.00879692	0
118	118	-0.00676314	-0.00574379	0.00153364	-0.00195109	0
11822	11822	0.162552	-0.0413722	-0.00223613	0.0144362	0
11828	11828	-0.0073579	-0.00043722	-3.97986e-05	0.0010492	1
1190	1190	-0.00582971	-0.00422793	-0.000628862	-0.00181004	1
1196	1196	-0.0102727	-0.00600049	-0.00355397	0.000467944	0
1209	1209	-0.00979493	-0.00641434	-0.00426166	0.000158545	1
1214	1214	-0.00784653	-0.00137767	-0.00251909	0.00303885	0
1221	1221	-0.0119478	-0.00282123	-9.76384e-05	-0.000577799	0
1227	1227	-0.00910345	-0.00856191	-0.000581764	-0.000553035	0
123	123	-0.00997076	-0.00555402	-0.00371729	-0.000544838	0
1233	1233	-0.00900301	-0.00287338	-0.000806373	0.00160678	1
1235	1235	-0.0108866	-0.00621686	0.00034531	0.00240333	1
124	124	-0.0104389	-0.00190273	-0.000627815	0.00280567	1
126	126	-0.00531843	-0.00939329	0.00543549	0.00249772	0
1275	1275	-0.010742	-0.00379038	-0.00075941	0.00031981	0
1281	1281	-0.0106683	-0.00467442	-0.000708317	-9.26137e-05	0
1288	1288	-0.00983438	-0.00478844	0.00197221	0.000167531	1
1290	1290	0.0091423	0.00644502	0.00114478	0.000273188	0
13	13	-0.00730613	-0.00208269	-0.00177923	0.00356342	0
1305	1305	0.00868952	0.0236526	-0.000729495	0.000148575	0
1312	1312	-0.0108042	-0.00128196	0.000210427	0.0016792	0
1325	1325	0.00450779	-0.011305	-0.000905999	0.00239296	1
1338	1338	0.050747	0.112838	0.00260511	-0.00344686	0
1341	1341	-0.0115679	-0.00525374	0.000970513	0.00290609	1
1342	1342	-0.0100596	-0.00807256	-0.000628831	-0.004286	0
1366	1366	-0.0109976	-0.0059633	0.00113678	0.00142986	1
1374	1374	-0.0112143	-0.00545809	0.00164033	0.002471	1
1375	1375	0.0470668	0.124888	0.000118035	-0.0053668	1
1379	1379	-0.00868802	-0.00195508	0.000949048	-0.0010895	1
1382	1382	-0.00734737	-0.00728701	-0.000175258	0.00599843	1
1384	1384	-0.00966647	-0.00446217	-0.00219206	0.000296825	0
1392	1392	-0.0106734	-0.0067969	-0.00510042	0.00166015	1
14	14	-0.00872765	-0.0056846	-0.000737523	0.00153315	1
1401	1401	-0.00792135	-0.00522553	0.000721391	0.0048169	0
1404	1404	-0.0104879	-0.00843557	-0.00145582	0.00115639	0
141	141	-0.0105941	-0.00500298	-0.00226172	-0.000539281	0
1412	1412	-0.0116756	-0.00228929	-0.00195082	0.00163153	1
1414	1414	0.00545627	0.00591974	0.00173806	0.00406309	0
1420	1420	0.0124093	-0.0103992	-0.000548963	-0.0216996	0
1430	1430	-0.00663743	0.00494611	0.00359483	0.00051302	0
1432	1432	-0.00980802	-0.00293747	-0.00255318	0.000388508	0
144	144	0.0106369	0.0168072	0.00180236	0.0119188	0
1440	1440	-0.00941834	-0.00459537	-0.00121373	0.00389797	1
1442	1442	-0.00932253	-0.00601995	-0.0017478	0.00425301	0
1445	1445	-0.00985835	-0.00417891	0.000403915	0.00118394	1
1446	1446	-0.00930132	-0.00288545	-0.00242734	0.000885411	0
1447	1447	-0.00866097	-0.00485362	0.000593611	-0.00157459	1
1459	1459	-0.010709	-0.00517195	-0.00335888	-8.7629e-05	1
146	146	0.0563375	0.137243	0.00237628	-0.00348312	0
1462	1462	0.00337842	-0.00275388	0.00107897	0.0107884	1
1465	1465	-0.00959673	3.63265e-05	0.00117108	0.00262567	1
1466	1466	-0.00963608	-0.00654537	-0.00215362	0.00103844	0
1467	1467	-0.00958013	-0.00111931	-0.00256766	0.000355343	0
1470	1470	-0.000896105	-0.00263444	-0.000300044	0.00498044	0
1494	1494	-0.011787	-0.00552262	-0.00283942	0.000747451	0
1499	1499	-0.0105582	-0.00357071	-0.00197771	0.000615784	1
1503	1503	-0.00900939	-0.00602503	0.00161728	0.00112173	1
1507	1507	-0.0102392	-0.00346332	-0.00200662	0.00318409	0
1514	1514	-0.0109996	-0.00620728	0.000642533	-0.00503216	0
1515	1515	-0.0102834	-0.00433852	-0.000475154	0.000183348	0
1521	1521	-0.00924227	-0.0032164	-0.00306765	-0.000945375	0
1522	1522	-0.00837586	-0.00406278	-0.00382478	-0.000961648	0
1531	1531	-0.00924987	-0.00492573	-0.00306964	-7.90197e-05	1
1537	1537	-0.0099226	-0.00440822	-0.00260533	0.000859773	0
154	154	0.0479328	0.112634	0.00149804	-0.0129611	0
1564	1564	0.00372463	-0.00269055	0.00113276	0.00640855	1
1565	1565	-0.00745601	-0.00432843	-0.00223273	-0.00119723	1
1566	1566	0.0382673	0.0665802	0.000851379	0.0139948	0
1568	1568	-0.00626166	-0.00383288	0.00193697	0.00200556	1
1573	1573	-0.00891906	-0.00309009	-8.50473e-05	0.0014756	0
1578	1578	-0.00745321	-0.00614252	-0.00235833	-0.000675069	0
1582	1582	0.0881565	0.202183	0.000727049	-0.00771441	0
1588	1588	-0.0095976	-0.00400883	0.000611975	0.00138777	0
159	159	-0.00939485	-0.00528518	-0.00322313	-0.00251906	1
1593	1593	0.0297589	-0.00574199	0.00267933	0.0125385	0
16	16	-0.0104353	-0.00456226	0.000662146	-0.000145013	0
1600	1600	-0.00965305	-0.00394221	1.79797e-05	-0.00164129	0
1610	1610	-0.0086103	-0.00570568	-0.000670435	-0.00205894	1
1615	1615	-0.00949992	-0.00408704	-0.00197313	0.00126768	0
1623	1623	-0.00819424	-0.00325407	-0.000391451	-0.00056128	0
1626	1626	-0.00318318	-0.00242353	0.000418067	0.0012243	1
1627	1627	-0.00910079	-0.0036038	-0.00102078	-0.00242696	0
1631	1631	-0.00612344	-0.00625643	-0.00177584	0.00115711	0
1641	1641	0.00587363	0.000891232	-0.000268115	0.00638349	0
1653	1653	-0.00876885	-0.00218068	-0.00469729	-0.000220943	1
1658	1658	-0.00682106	-0.00192468	-0.00582127	-0.00216198	0
1659	1659	0.0459958	0.115733	0.00109957	-0.00391471	0
1664	1664	-0.00620668	-0.00324995	0.00368155	-0.00497502	1
1668	1668	-0.00147312	0.0104359	7.68913e-07	-0.000840718	0
1669	1669	-0.00744185	-0.00222283	-0.00443918	-0.000627786	1
1675	1675	0.20567	-0.131931	-0.00736925	0.00119759	1
1678	1678	0.0487042	0.115755	0.00130111	-0.00109732	1
168	168	0.0271467	0.0550222	-0.00237391	-0.0078822	0
1682	1682	0.226475	-0.145314	-0.00661672	-0.0152311	0
1685	1685	-0.00771335	-0.00517067	-0.00155977	-0.00093714	1
1686	1686	-0.008016	-0.00392703	-0.00168931	-0.00323311	0
1695	1695	0.0544436	-0.0383094	-0.00501618	0.0045932	1
1697	1697	-0.00973156	6.12535e-06	-0.00251175	0.0026153	1
1699	1699	-0.00313243	0.00266063	-0.00212816	0.00242603	1
17	17	-0.0102191	-0.00510776	-0.00268892	-0.00387428	1
1702	1702	-0.00849598	-0.00645467	-0.00318074	0.0007949	0
1705	1705	-0.00325168	-0.00951847	-0.00190708	-0.0014129	1
1706	1706	0.226332	-0.143816	-0.0141057	0.0211227	1
1707	1707	-0.00424389	-0.00419454	-0.000634537	0.00324081	0
1712	1712	-0.0116211	-0.00414319	-0.00134121	-0.000724003	1
1717	1717	-0.0063698	-0.00388603	0.00267505	0.00418926	0
1718	1718	-0.00845759	-0.004488	0.00143552	-0.00312778	0
1720	1720	-0.00786602	-0.00405792	-0.00433361	-0.00152819	0
1723	1723	-0.00697012	-0.00291174	-0.00107861	-9.10229e-05	0
1727	1727	0.0114716	0.018932	-0.0012008	0.00820349	0
1742	1742	-0.0103014	-0.00263365	0.000521719	0.00211024	1
1743	1743	-0.00959311	-0.00424507	-0.00192085	0.00224963	1
1745	1745	-0.0107534	-0.00366138	0.000761067	0.00194344	0
175	175	-0.00824768	0.00319379	-0.0019414	0.00247553	0
1759	1759	-0.00766034	-0.00438132	-0.00226417	-0.00224996	1
1763	1763	-0.00788671	-0.00293497	-0.00283083	0.000732216	0
1764	1764	-0.009824	-0.00567299	-0.000849393	0.00147935	0
177	177	-0.00879398	-0.00369817	-0.00297418	-0.000247774	0
1776	1776	-0.0112583	-0.00587597	0.00111472	-0.000371317	0
1777	1777	0.191974	-0.118205	-0.00568356	0.0139579	0
1778	1778	0.00519396	-0.000355245	0.00730251	0.00899313	0
1784	1784	-0.005215	-0.00575035	-0.00380862	0.00266221	0
1785	1785	-0.00929763	-0.00578292	-0.00275118	-0.0019065	1
1788	1788	-0.00814379	-0.000732477	-0.00258692	-0.00116526	0
1790	1790	-0.00924753	-0.00452714	-0.00110822	0.00480381	0
180	180	-0.00954705	-0.00478371	-0.00107932	-0.0015796	0
1802	1802	-0.00893521	-0.00377113	-0.00332673	-0.000810255	0
1808	1808	-0.00292575	-0.00335211	-0.000973355	0.00265025	0
1810	1810	0.00409519	0.00832987	0.00611588	0.00168741	0
1811	1811	-0.0104171	-0.00426843	-0.00336734	-0.00271079	0
1813	1813	-0.00766808	-0.00610593	-0.0031955	-0.00336387	0
1814	1814	-0.0102217	-0.00406313	-0.00264583	-0.00282465	0
1815	1815	-0.00928561	-0.00364864	-0.00511475	-0.00177755	0
1822	1822	-0.0074803	-0.00574383	-0.000948145	0.00171787	1
1825	1825	-0.00986358	-0.00472675	-0.00213315	-0.000250653	0
1827	1827	0.0215781	-0.00612826	0.00375187	-0.00118545	0
1833	1833	-0.00948818	-0.00538804	-0.00111254	-0.000169831	1
1841	1841	-0.00874528	-0.0065207	0.00265934	0.0001639	0
1853	1853	-0.00527842	-0.0027721	-0.00339611	-0.00261223	0
1858	1858	-0.00667436	-0.00495543	-0.000840732	0.000830327	1
187	187	-0.00985346	-0.00396469	-0.000218314	0.000857598	0
1875	1875	-0.0123977	-0.00620261	-0.002891	-0.000486025	1
1876	1876	-0.0091746	-0.00822189	-0.00275966	-0.0012313	1
1877	1877	0.0490623	0.124345	0.00325265	-0.0076139	0
1879	1879	0.155509	-0.0674495	-0.000726348	-0.00991218	0
1887	1887	-0.0103911	-0.00627776	-0.00196563	-0.00172236	0
1889	1889	-0.00675443	-0.00129081	-0.00311009	0.00133779	0
189	189	-0.0102337	-0.00240662	-0.00132813	0.00117085	1
1892	1892	-0.00866113	-0.00296695	-0.00340238	0.000718307	1
1901	1901	-0.0108678	-0.00567868	0.00111674	-0.00183529	0
1902	1902	-0.00436577	-0.0045044	0.000594381	0.00673533	0
1903	1903	-0.00941239	-0.0042806	0.00101544	0.000331109	1
1904	1904	-0.0100006	-0.00283916	0.000270291	-0.00205919	0
1958	1958	-0.0113352	-0.0020522	-4.98343e-06	0.00243135	0
1963	1963	0.00570535	-0.00235016	0.00345825	0.010072	0
1968	1968	-0.00976959	-0.00420019	0.00128466	-0.00160947	1
1970	1970	-0.00768163	-0.0012518	-0.0045317	0.000279422	1
1975	1975	-0.00672672	-0.00532107	-0.00275675	-0.00173467	0
1980	1980	-0.00997489	-0.00548096	-0.00298041	0.00221154	0
1984	1984	-0.0118094	-0.00335602	-0.00284374	-0.0008357	1
1985	1985	-0.00957857	-0.00586032	-0.00019595	0.00229144	0
1991	1991	-0.00820042	-0.00375398	-0.00168597	-0.00443695	1
1992	1992	-0.0103475	-0.00415778	-0.0020035	0.000572192	1
1993	1993	-0.00321367	-0.00559877	-0.00203043	-0.00029212	0
1996	1996	-0.00862045	-0.00419604	-0.00122791	0.00326621	1
200	200	-0.00817842	-0.00255456	0.000893597	0.00391071	0
2000	2000	-0.00874106	-0.00538748	0.000687293	-0.00231118	1
2001	2001	-0.0090309	-0.00414419	-0.00441099	-0.00147805	0
2004	2004	-0.00869285	-0.00443496	-0.000374812	-0.00157083	1
2006	2006	-0.00979652	-0.00468672	-0.00102339	-0.00559396	1
2008	2008	-0.00953192	-0.00240465	0.00352844	0.00212243	1
2009	2009	-0.00776803	-0.00492771	-0.00228595	0.00084774	1
2013	2013	-0.0100277	-0.00477025	-0.00276199	-0.000899089	0
2018	2018	0.026357	0.0197969	-0.00378577	-0.00513907	0
202	202	-0.00990098	-0.00350848	-0.000660988	-7.3266e-05	0
2022	2022	-0.0111618	-0.00684473	0.000221138	0.00114658	1
2023	2023	-0.00782412	-0.00458073	0.00133791	0.00507191	1
2024	2024	-0.0106376	-0.00412723	-0.000309384	0.00429737	0
2025	2025	-0.00804519	-0.00490095	-0.00140602	-0.000754257	1
2030	2030	-0.00796279	-0.00474017	-0.00342698	0.000526443	1
2034	2034	-0.00652171	-0.00804425	-0.000523751	1.72296e-06	1
2039	2039	-0.00743702	-0.00322971	-0.000952561	0.00271814	0
204	204	-0.00436487	-0.00317036	2.23076e-05	0.00487342	0
2042	2042	-0.0109473	-0.0054174	-0.00360337	0.00126592	0
2048	2048	-0.0120117	-0.00670802	-0.000280798	-0.000327237	1
2050	2050	-0.0103587	-0.00300042	-0.0024947	0.00213719	1
2052	2052	-0.0083716	-0.00410356	-0.000985819	-0.00321835	1
2055	2055	-0.00841692	-0.00819033	0.00111786	-0.00242407	1
2056	2056	-0.0102099	-0.00442468	0.00149096	-0.00246387	0
2064	2064	-0.00957251	-0.00387842	-0.00238068	-0.0019876	1
2067	2067	0.00365618	0.0217471	-0.000774051	0.00135723	0
207	207	0.00396156	-0.0044272	0.000568565	0.00612651	0
2074	2074	-0.010849	-4.13544e-05	-2.13689e-05	-0.00220858	0
2075	2075	0.0373639	0.0548095	0.000711314	-0.00324427	1
2076	2076	-0.00832897	-0.00442843	-0.00109975	-0.00309583	0
2077	2077	-0.00819679	-0.00614866	-0.00170181	0.000371598	0
2080	2080	-0.00404012	0.000155068	-0.000237969	0.00602073	0
2083	2083	-0.0027979	-0.0126228	-0.00225553	-0.00982081	1
2090	2090	-0.00848228	-0.00346389	1.33057e-05	-0.00262878	1
2096	2096	-0.00987662	-0.00675917	-0.00154659	0.00228031	1
2099	2099	-0.0072723	-0.00243289	0.000707949	-0.00160933	1
210	210	-0.00696219	-0.00418123	0.00580725	0.000180247	0
2116	2116	-0.0089796	-0.00403879	-0.00195479	-0.000581453	1
215	215	-0.00752749	-0.00653894	-3.08178e-05	-0.00262182	0
2151	2151	-0.0122979	-0.00310228	-0.00303954	-0.00110205	0
2153	2153	0.0119182	0.0266186	0.000995129	0.00231893	0
2158	2158	-0.0115418	-0.00572405	0.00102108	0.00152839	1
216	216	-0.00893893	-0.00317726	-0.00269019	0.00210026	0
2162	2162	-0.00981149	-0.0038733	0.000607199	0.0010109	0
2166	2166	-0.00885851	-0.00372493	-0.00202512	-0.000141435	1
2177	2177	-0.00787784	-0.00222382	-0.000764714	0.000417049	0
2183	2183	-0.00904977	-0.00552286	-0.00302407	0.00109764	0
22	22	-0.00971932	-0.000941642	-0.00175856	0.00150207	0
2202	2202	-0.0083931	-0.0043019	-0.00498972	-0.00173595	1
2212	2212	-0.00959688	-0.00874583	0.00113926	-0.00414468	0
2214	2214	-0.0104183	-0.00501684	0.000100026	0.00232443	0
2217	2217	-0.00970342	-0.00286112	0.00138232	0.00070577	0
2236	2236	-0.00266307	0.0160547	-0.00143064	-0.00562895	1
2238	2238	-0.00934702	-0.00295243	-0.00331361	-0.000225839	0
2239	2239	0.11789	-0.0659304	0.00482726	0.0157637	0
2249	2249	-0.00315536	0.000293474	-2.69273e-05	0.00400647	0
2274	2274	-0.0052554	-0.00700556	0.00213334	0.000512788	0
2276	2276	-0.00829981	-0.0044126	-0.00232767	0.00197558	1
2278	2278	-0.00262499	-0.00524824	-0.00307663	0.00111145	1
2279	2279	0.0182271	-0.0138986	-0.00358807	-0.00374094	0
2288	2288	-0.00989899	-0.00340653	-0.0029095	0.000683861	0
2291	2291	-0.0108021	-0.00625634	-0.000938743	-0.000248815	0
2297	2297	0.00568815	0.0289012	0.00163601	-0.000806207	1
2307	2307	-0.00823848	-0.00595162	-0.00143278	0.00280698	1
2314	2314	-0.00414229	-0.00253915	-0.0010086	0.000208284	1
2329	2329	-0.00901293	0.00319048	-0.00540144	0.00294536	1
2334	2334	-0.00864065	-0.000729654	-0.00303122	0.000138698	0
2339	2339	-0.0115044	-0.00591717	-4.9049e-05	0.000803779	1
2350	2350	-0.00449502	0.0032556	0.00404658	0.00300853	0
2356	2356	-0.0076797	-0.00520099	-0.00101958	0.000274472	1
2361	2361	-0.00669964	-5.6021e-05	0.000465836	-0.00160496	1
2362	2362	-0.00513287	0.0035144	-0.00223342	-0.00178057	0
2367	2367	-0.00784017	-0.00127977	-0.00114352	-0.00114679	0
2371	2371	-0.0108218	-0.00439361	-0.0041699	-0.000303433	0
2385	2385	-0.0103141	-0.00789305	0.00014521	0.00210709	0
2402	2402	-0.0074803	-0.00336171	-0.00189296	-0.00321023	0
241	241	-0.00669592	-0.00535596	-0.000936077	0.00582397	0
2412	2412	-0.00798477	-0.00423593	-0.00359217	0.00350166	1
2421	2421	-0.00770541	0.00197703	-0.00437083	-0.00131856	0
2453	2453	-0.00868096	-0.00414533	-0.00343711	-0.00471797	1
2454	2454	-0.00906743	-0.00439162	-0.00113893	0.000479064	1
2455	2455	-0.00895957	-0.00625463	0.000991569	0.00179878	1
2456	2456	-0.0111608	-0.00333652	0.000669044	-0.0022324	0
2457	2457	-0.00624366	0.00139453	0.000675823	-0.000207123	0
2498	2498	-0.0106163	-0.00446903	-0.00200205	3.05868e-09	0
251	251	-0.00492448	0.000179492	0.00252658	0.00601866	1
2510	2510	-0.00957564	-0.00303934	-0.0055187	-0.00148596	0
2512	2512	-0.00946265	-0.00651648	0.000726999	0.000694168	1
2513	2513	0.0446985	0.111559	-0.000213056	-0.00565807	1
2516	2516	-0.00985968	-0.00566999	-0.00343659	-0.000158416	1
252	252	-0.00597766	-0.00455896	-0.000432965	0.00479357	0
253	253	-0.00870367	-0.00253109	-0.000284182	0.000254278	0
2535	2535	0.0261773	0.0455136	0.0012326	0.0111218	0
2542	2542	-0.00475084	-0.00426302	0.00104055	0.00555557	0
2554	2554	-0.00839716	-0.00107722	0.000447308	-0.00209912	1
2557	2557	-0.00890653	-0.00458409	-0.00256836	0.000360801	0
2558	2558	-0.0113897	-0.00421557	-0.00175538	0.001067	1
2568	2568	-0.00714036	-0.0047708	-0.00315537	-0.00264395	0
2570	2570	0.0381275	0.0670935	-7.4304e-05	0.0123024	0
2576	2576	0.000962946	-0.00222302	0.00205702	0.00693124	1
258	258	0.0412854	0.0712697	0.00288031	0.0134887	0
26	26	-0.00545775	0.00181649	0.000321348	0.000861659	0
2616	2616	0.0257711	0.0451835	0.000353924	0.0062756	0
262	262	0.0163212	0.0297263	0.000358104	0.00164763	0
2628	2628	0.0100412	0.0123511	-0.00307492	0.00908105	0
2633	2633	-0.00937719	-0.00457298	-0.00124472	-0.00146749	0
2635	2635	-0.00741397	-0.00692424	-0.000229537	-0.00361284	1
2645	2645	0.0366667	0.0633594	-0.000976764	0.00920439	0
2648	2648	-0.00846373	-0.00371159	-0.00144804	-0.000926919	1
266	266	-0.00912005	-0.0051303	0.000501663	0.00218289	0
2660	2660	-0.00826201	0.00144574	-0.000388792	0.000810109	0
2676	2676	-0.0102769	-0.00269189	-0.0025293	-0.000976929	0
2677	2677	-0.00981036	-0.00373376	-0.00318351	0.00425883	0
268	268	-0.00815982	-0.00434219	0.00196697	0.00325171	1
2681	2681	-0.00837981	-0.0056847	-0.00227013	0.00366124	1
2687	2687	-0.0101962	-0.00225252	-0.00109558	0.00239307	0
2692	2692	-0.0094788	-0.00383753	-0.00348285	-0.00199463	0
2700	2700	0.0260605	0.0678521	0.00276857	0.00137088	1
2702	2702	-0.00858931	-0.00485962	-0.000810813	-0.00156901	0
2707	2707	-0.012125	-0.00276397	0.00104423	0.000425441	0
2718	2718	-0.010658	-0.00153189	-0.00410308	0.00109588	0
2720	2720	-0.00599755	-0.00384744	-0.00305057	-0.00317089	1
2725	2725	0.00969411	0.0106158	0.00116443	0.0100741	0
2739	2739	-0.00817075	-0.00705596	-0.00208268	0.00228432	1
2740	2740	-0.00827198	-0.00432758	-0.000551516	-0.00140246	0
2751	2751	-0.0082875	-0.0091504	-0.00235114	0.000629934	0
2755	2755	-0.00809635	-0.00487385	-0.00516839	0.00269096	1
2759	2759	-0.00876251	-0.00351126	-0.00528162	0.00118691	0
276	276	-0.00611123	-0.00787359	-0.00172074	0.00666252	0
2764	2764	-0.00375896	-0.00206146	-0.0037541	0.00101118	0
279	279	-0.0100002	-0.00377366	0.00211002	0.00287182	1
2794	2794	0.00499893	0.00253092	0.00167385	0.011405	0
2797	2797	-0.0104844	-0.00497614	-4.17647e-05	-0.00318639	0
2826	2826	-0.00941149	-0.00592912	0.000734863	0.000472182	0
2841	2841	-0.00774751	-0.00479935	-0.0025926	0.000290827	1
2849	2849	0.00222505	0.00790111	-0.000784432	0.00839109	0
285	285	-0.0102002	-0.00516081	1.51164e-05	0.00105155	0
2858	2858	-0.0100241	-0.00255378	-0.00046931	0.000729346	1
2860	2860	-0.00859999	-0.00167524	-0.00180245	0.00018868	0
287	287	0.00805717	0.00764708	0.0027417	0.00952838	0
2874	2874	-0.00744094	-0.00352677	-0.00467073	-0.00292225	0
2881	2881	-0.0109883	-0.00723831	0.000597618	0.00387247	0
2886	2886	-0.00697452	-0.00398514	-0.000662996	-0.00255218	1
2887	2887	0.1087	-0.0726894	0.00162459	-0.00203491	0
2890	2890	-0.0104745	-0.00467976	-0.00170039	-0.00104124	0
2891	2891	-0.00452291	-0.00791697	-0.000110453	-0.0032034	0
2898	2898	-0.0075466	-0.00456237	-0.00432417	-0.000618775	1
2901	2901	0.00778679	0.00317183	0.00335268	0.00898218	0
2907	2907	-0.000511139	0.00838773	0.00267556	-0.000737091	0
2920	2920	-0.00567491	-0.00203777	-0.00121965	0.00230534	0
294	294	-0.0129972	-0.0041635	-0.00179856	0.00234609	0
2949	2949	0.0195166	-0.00219565	0.00286863	0.0111468	0
295	295	-0.0081448	-0.00461572	-0.00378484	0.00157881	0
2958	2958	-0.00768083	-0.00173406	-0.00238376	-0.000669041	1
296	296	-0.0109657	-0.00290233	-0.000530374	-0.000440852	0
2960	2960	0.0505807	0.105712	-0.00404965	-0.0109747	1
2964	2964	-0.00625989	-0.00427165	-0.0010791	-0.000715294	1
2966	2966	0.0874679	0.19799	-0.00360594	-0.00627946	1
2969	2969	-0.00809456	-0.00669313	-0.00167187	-0.00194912	1
298	298	0.0439031	0.0190807	0.00526543	-0.0291384	0
2980	2980	0.00336203	-0.00347603	0.000637795	0.0118658	0
2990	2990	-0.00869323	-0.00305041	0.000726313	0.00331767	0
2998	2998	-0.00932429	-0.00223079	-0.00162471	-0.00545952	0
3004	3004	0.00498915	-0.000209195	0.0040215	0.0103728	0
3018	3018	-0.0098556	-0.00450064	-0.000454643	-0.000642988	0
3034	3034	-0.00715174	-0.00411076	-0.00082807	0.00102219	1
3046	3046	-0.00436259	-0.000815193	0.000692228	-0.000903574	1
3069	3069	-0.00964072	-0.00387741	-0.00193305	-0.00018513	0
3078	3078	-0.00811632	-0.00518225	-0.00151458	-0.00203373	0
3080	3080	-0.00414257	-0.00464038	0.00248696	0.00251132	1
3085	3085	0.03177	-0.00950615	0.00620031	0.00639466	1
3090	3090	-0.0088776	-0.00152576	0.00023343	-0.00239845	1
3104	3104	7.58418e-05	-0.00190856	-0.00109282	0.00712853	1
311	311	0.00145697	-0.00928862	0.00222885	0.00083172	1
3111	3111	-0.0084763	-0.00464074	-0.00427864	-0.00304904	1
3113	3113	-0.00838369	-0.00345535	-0.00066739	0.000895986	1
3122	3122	0.0888798	0.203508	0.00215178	-0.00852843	0
3129	3129	-0.00778403	-0.00303148	-0.000410503	-0.00432324	1
3130	3130	-0.00548546	-0.00137956	0.00159171	0.00723392	0
3137	3137	-0.00328944	6.28993e-05	0.00321998	0.00380695	1
3140	3140	-0.00765955	-0.0012384	-0.00308557	0.0011175	1
3145	3145	-0.00839623	-0.00485379	-0.00112723	-0.000249212	1
3158	3158	-0.00782283	-0.00490011	-0.000674021	0.00587397	1
3167	3167	-0.00806303	-0.0063353	0.00213389	0.000653449	0
3176	3176	-0.0111002	-0.00588063	-0.00390032	-0.00469681	1
3179	3179	-0.0111689	-0.00651436	-0.00288668	-0.000303086	1
3186	3186	0.0670171	0.127273	0.00268398	-0.0227016	0
319	319	-0.00162703	-0.00310799	0.00105025	0.00406818	1
3193	3193	0.00497634	0.000295687	0.00111935	0.00692866	1
3196	3196	-0.00357761	-0.00490251	0.00142475	0.00308963	1
3197	3197	-0.00876121	-0.00425771	-0.00441788	0.00144022	0
3206	3206	-0.0088285	-0.00208343	-0.00418454	0.00379266	0
3211	3211	-0.00941694	-0.00461574	-0.00145243	0.00278887	0
3216	3216	-0.00779497	-0.00350724	-0.00284157	-0.00199367	1
322	322	0.0311772	0.0591455	0.00105995	-0.00274412	0
3227	3227	-0.0109355	-0.00266774	-0.00154951	0.00128333	0
323	323	-0.0026473	-0.00305759	0.00071423	0.0065007	0
3244	3244	-0.00798932	-0.00205971	0.00067499	0.00136111	1
3248	3248	-0.00773355	-0.00134801	-0.00385321	0.0011724	1
325	325	0.00148886	-0.00913627	0.00340767	-0.000354481	0
3257	3257	-0.00712383	-0.00247469	-0.0006118	-0.000694835	0
3265	3265	-0.00972795	-0.00140673	-0.00320883	-0.00189859	0
3275	3275	-0.00634971	0.00200277	0.0025947	-0.00120067	0
328	328	-0.000800119	-0.00375747	0.00220985	0.00180724	0
3280	3280	-0.00844525	-0.00282224	0.00128623	0.00342142	1
3289	3289	-0.0095048	-0.00148903	-0.00101735	0.00102631	1
33	33	0.0566922	0.109749	-3.17757e-05	0.0136089	0
330	330	-0.00700475	-0.00286824	0.00379226	0.0010043	0
3304	3304	-0.00842143	-0.00404336	-0.00166905	-0.00173354	0
3306	3306	-0.0018924	0.00098767	-0.00196012	0.00132849	0
3320	3320	-0.00892928	-0.00671337	4.42371e-06	0.00316503	1
3321	3321	-0.00879314	-0.00194086	-0.00137236	0.00297524	1
3324	3324	-0.006274	-0.00472189	-0.00111529	0.00170807	1
3326	3326	-0.00919912	-0.00427011	-0.00305598	-0.00259313	1
3335	3335	0.030981	0.0524637	0.00628254	-0.00295545	0
3340	3340	-0.00690424	-0.000359423	-0.0053709	0.00231207	0
3341	3341	-0.00937946	-0.00487082	-0.00227403	-0.00244756	1
3343	3343	-0.00929167	-0.00754523	-0.00317419	0.00124701	1
3344	3344	-0.0110475	-0.00631193	-0.00181075	0.000718842	0
337	337	-0.0115471	-0.00330259	-4.9373e-06	-0.000275374	0
3375	3375	0.211663	-0.133226	-0.000698518	0.00290237	1
3381	3381	-0.00795201	-0.00355215	-0.00223495	-0.0019923	0
3394	3394	0.00159193	-0.0045735	-0.00247464	0.0110706	0
3399	3399	0.00369899	-0.0060131	-0.00346546	0.00844888	0
3402	3402	0.0355338	0.0600513	0.000567665	0.0129732	0
3404	3404	-0.00974853	-0.00483678	-0.00455302	0.00136497	0
341	341	-0.0102462	-0.00848673	-0.00363784	0.00123373	1
3415	3415	-0.00904635	-0.00337898	-0.00055031	0.00277516	0
3417	3417	-0.00636708	0.00524874	-0.00219437	0.00136158	0
3422	3422	-0.00710142	-0.0020495	-0.00273519	-0.00122411	1
3449	3449	-0.00493151	0.00177995	-0.000202453	-0.00274101	1
345	345	-0.00733501	-0.00301622	0.000865792	0.000670263	1
3454	3454	-0.00784139	-0.00250688	-0.00364319	0.00167831	0
3468	3468	0.00676003	0.0122841	0.000826478	0.0051264	0
347	347	-0.00964105	-0.00413656	-0.00333546	0.00188269	1
3478	3478	-0.00824799	-0.00124837	-0.00573754	0.00129492	1
3486	3486	-0.00553221	-0.000462515	-0.00296651	0.00143521	1
3489	3489	-0.0109509	-0.00333588	-0.00145592	-3.81466e-05	1
349	349	-0.00888935	0.00171808	-0.000731747	0.00105944	0
3494	3494	-0.00646037	-0.00430193	-0.0018355	-0.0027107	0
3499	3499	-0.00854434	-0.00248816	-0.00379241	-0.00168127	0
35	35	-0.00728985	-0.00407761	0.00452388	-0.00297723	0
3531	3531	-0.0108951	-0.00276654	-0.0027553	0.000333799	1
3532	3532	-0.00955032	-0.00604506	-0.000918403	-0.00242756	1
3543	3543	-0.00827143	-0.00299947	-0.00269456	-0.00274977	0
3547	3547	-0.00707028	-0.00296227	-0.000780231	0.00357711	1
3559	3559	0.0145009	0.0215827	0.00235803	0.00432983	1
3569	3569	-0.0120711	-0.00643768	-0.0010295	0.00161889	0
3581	3581	0.179714	-0.119337	-0.00175011	0.0113584	1
3582	3582	-0.00853505	-0.00330176	-0.0028788	-0.0012577	1
3598	3598	-0.0104418	-0.00565241	-0.00264888	0.00146877	0
36	36	-0.00746176	-0.00544992	-0.00321218	-0.00237246	0
3605	3605	-0.00901408	-0.00307989	-0.000259698	0.00206743	0
3611	3611	-0.0108514	-0.00445285	-0.00333511	-0.0021959	0
3615	3615	0.00912046	0.0176416	0.00247446	0.00579091	1
3622	3622	-0.00978782	-0.00588567	-0.00107145	-0.00214153	1
3625	3625	-0.00865192	-0.00442602	-0.000864198	-3.72637e-05	1
363	363	-0.00726184	0.00726528	-0.00145736	0.000721751	0
3639	3639	-0.00876349	-0.0020094	-0.000745875	-0.00111933	1
3642	3642	-0.00974768	-0.00398823	-0.00154634	-0.000144864	0
3643	3643	-0.0103925	-0.00483734	-0.000957237	-9.95225e-07	1
3644	3644	-0.00917759	-0.00419653	0.000314776	-0.000629198	1
3655	3655	-0.00574926	-0.00588132	-0.00352566	0.000814748	0
366	366	-0.0100062	-0.00203139	-0.00153017	0.000477589	0
368	368	-0.010547	-0.00495603	-0.00532998	0.0032277	1
3682	3682	-0.00844822	-0.00301629	-0.000570635	-0.000209669	0
3689	3689	-0.00877896	-0.0035894	-0.00126171	-0.000880559	1
3695	3695	-0.00987018	-0.00483505	-0.0018952	-0.00187235	1
3724	3724	-0.0100934	-0.00353323	-0.00127003	0.00122214	1
3728	3728	-0.00977649	-0.00454322	0.000937787	0.00282587	0
3747	3747	-0.00793642	-0.00276155	-0.00200082	-0.00292129	1
3766	3766	-0.00916028	-0.00326108	-0.00212855	-0.00393292	0
3777	3777	-0.00878154	-0.00283816	-0.00225085	-0.00306088	0
3780	3780	-0.0111205	-0.00656678	0.000230491	0.00285211	1
3783	3783	0.110096	-0.0725165	-0.00305152	-0.00742762	0
3786	3786	-0.00873234	-0.00222632	-0.00509365	-0.00211564	0
3788	3788	-0.0089335	-0.00268822	-0.00150554	-0.00200059	1
38	38	-0.0082897	-0.00410045	-0.00229441	0.00303563	0
380	380	-0.00370681	-0.00345696	0.00200905	0.00720589	0
3806	3806	0.0199743	-0.0191997	-0.000945244	0.0030976	0
3821	3821	-0.008618	-0.00294798	-0.00299208	-0.00154621	0
3834	3834	-0.00954314	-0.0062573	0.00069723	0.000264084	0
3835	3835	0.00630443	0.00678535	-0.000253789	-0.0010048	1
3847	3847	-0.00842815	-0.00589091	-0.00378959	0.000543875	1
3853	3853	-0.00716998	-0.000751828	-0.00144522	0.00162836	0
3862	3862	-0.00929711	-0.00518145	4.55856e-05	-0.000582396	0
3865	3865	-0.00832116	-0.00191214	-0.00447388	-0.00189021	1
3866	3866	-0.00749323	-0.00536149	-0.00143067	-0.00197375	0
3881	3881	-0.0081853	-0.00387227	0.000334572	0.00268111	1
3882	3882	0.000986384	-0.00318226	0.000450652	0.000488516	0
3883	3883	-0.00973523	-0.00392001	-0.000554186	-0.00352468	1
3905	3905	-0.00798235	-0.0056497	-0.00262448	-0.000784872	1
3908	3908	-0.00749373	-0.00300405	-0.00600436	0.00218428	0
3913	3913	5.00619e-05	-0.00245681	-0.00095953	0.00703754	1
3921	3921	-0.0101191	-0.00570948	0.000769559	-0.00214742	1
3922	3922	0.0816227	0.178284	0.000468574	-0.0100214	1
3923	3923	-0.0108614	-0.0035191	-0.00252958	-0.000674478	1
3931	3931	0.233616	-0.119325	-0.00424764	0.00039771	0
3934	3934	0.0312798	0.0544554	0.00170273	0.00721257	0
3935	3935	-0.0113828	-0.00389798	-0.00242534	-0.000833967	0
394	394	-0.0045448	0.0139592	-0.00339891	-0.000614243	0
3942	3942	-0.00973496	-0.0109245	0.000910268	0.000344597	0
3948	3948	-0.00412452	-0.00384034	-0.00373664	0.00210686	0
3954	3954	-0.0101236	-0.00381697	-0.00315515	-0.00510616	1
3964	3964	-0.0100748	-0.00395128	-0.00170726	-2.95032e-05	0
3967	3967	-0.00488793	0.00280671	-0.00598746	0.00133808	0
397	397	-0.00740313	-0.00374498	-0.00405206	-0.000658759	0
3973	3973	0.0424296	0.0748579	0.00140135	0.0130183	0
3979	3979	-0.00968494	-0.00547338	-0.00285161	-0.000290054	1
3988	3988	-0.00159207	-0.00132549	-0.00103628	0.0046325	1
3990	3990	0.00017631	-0.0025531	0.00329579	0.00512389	1
3992	3992	-0.00432003	-0.000599759	0.00015925	0.00186578	0
40	40	0.0155632	0.00462086	0.00150125	-0.00784984	0
4006	4006	0.114011	-0.0642638	0.00543879	0.00201671	1
4009	4009	-0.00715273	-0.00307206	-0.0020922	0.000244536	0
4018	4018	-0.00584302	0.00126815	-0.00368627	0.000327628	1
4029	4029	-0.00926744	-0.00509434	-0.000645874	0.000259626	0
4030	4030	-0.00854312	-0.00242649	-0.00304725	0.0016422	0
4032	4032	-0.00720585	0.00112734	-0.00138353	-0.000927123	0
4036	4036	-0.00867495	-0.00495718	-0.00264129	-0.00262937	0
4048	4048	-0.00754658	0.00230745	-0.0025413	0.00486461	1
4055	4055	-0.00945021	-0.00143442	-0.001842	0.00154058	1
4056	4056	-0.00241168	0.010121	-0.00318506	-0.000370346	0
4066	4066	-0.00599376	-0.00450133	-0.000126382	0.000942129	0
4067	4067	-0.00772867	-0.00506794	-0.000501901	-0.00228129	1
4080	4080	-0.00956374	-0.0036232	-0.00170404	-0.00342678	0
4084	4084	-0.00949049	-0.00725778	0.000563997	0.00144504	0
4095	4095	-0.00358507	-0.00450405	0.00102695	0.000308121	1
4106	4106	-0.00804585	-0.00391249	-0.00317484	-0.00209122	1
411	411	-0.00847272	-0.00313805	-0.00514532	0.00242201	0
4127	4127	-0.00297074	0.000727037	-0.00146918	0.00506861	1
4143	4143	-0.00800169	-0.00434018	-0.00290841	-0.00369855	0
4147	4147	-0.00738533	-0.00308626	-0.00189884	-0.00232691	1
4159	4159	-0.00802503	-0.00243899	-0.00290626	0.00123777	1
4171	4171	0.034084	0.0629133	-0.000176083	0.0101853	0
4173	4173	-0.00566521	0.00320576	-0.00366497	0.00116798	0
4178	4178	-0.00817169	-0.00387128	0.00373403	-0.00102214	0
4180	4180	0.0059909	-0.0156816	-0.00134169	-0.00204684	1
4181	4181	-0.00832603	-0.00633179	-0.00146486	0.0020908	0
4185	4185	-0.00569389	-0.00464048	0.00164312	0.00334453	1
4191	4191	0.00956931	0.0133513	0.0125019	0.00701193	0
4194	4194	-0.0121864	-0.00547566	-0.00111343	-0.000605466	1
42	42	-0.00624175	-0.00266417	-0.00101973	0.000787256	0
420	420	-0.0034053	-0.00440439	0.00125156	-0.00123534	0
4200	4200	-0.0124333	-0.00555141	-0.00222455	-5.30684e-06	0
4212	4212	-0.000742453	0.00357398	-0.00289297	0.00621834	0
4215	4215	-0.00670522	-0.0031369	-0.00340528	-0.00135567	0
4230	4230	0.00364699	0.000434047	-0.00163646	0.00918639	0
4240	4240	-0.0109688	-0.0030603	-0.000875524	0.000498319	1
4241	4241	0.00658451	0.0190879	-0.000821361	-0.000114532	1
4245	4245	-0.00821948	0.000848512	0.00102028	0.00291244	1
4248	4248	-0.0104941	-0.00354744	-0.000634936	0.00273637	0
4251	4251	-0.00848322	-0.00585597	-0.00109926	3.94204e-06	1
4258	4258	-0.00268719	-0.00101586	-0.00165995	0.00156018	0
4290	4290	-0.00282913	-0.00810625	0.00192743	0.00281743	0
4301	4301	0.0278975	0.0510511	-0.00142343	0.011228	0
4320	4320	0.0469749	0.0824434	-0.000390785	0.0131245	0
4346	4346	0.00522952	0.00277973	0.00113928	0.00589382	0
4356	4356	-0.00974894	-0.00175873	-0.00259912	-0.000689417	1
4359	4359	-0.0084571	-0.000746814	-0.000525445	-0.00465062	1
437	437	-0.00417605	-0.00132265	-0.000139614	0.00700085	0
439	439	-0.0077845	-0.00764902	-0.00156572	0.004688	0
4399	4399	-0.00556137	0.00040594	4.34939e-05	-0.000628747	1
44	44	0.0387089	0.0424174	0.00274699	0.00529225	0
440	440	0.0130989	0.0183064	-0.00145641	0.0117034	0
441	441	-0.011824	-0.00295391	0.000805361	-2.9114e-05	0
4411	4411	-0.0106835	-0.00780952	-0.00531053	0.00137591	1
4438	4438	-0.0123134	-0.00666295	-0.00109647	-0.00199768	1
4441	4441	-0.00780508	-0.00227511	0.000142419	-2.08365e-05	1
4463	4463	-0.0100411	-0.00366121	-0.00173528	-0.00297723	1
4482	4482	-0.00811714	-0.00205338	-0.0029546	-0.00084848	0
4490	4490	0.0251081	0.0322516	-0.000543301	-0.00558802	0
4498	4498	-0.0059507	-0.00311529	0.00149375	0.00587324	0
4499	4499	-0.00656138	-0.00455519	-0.00281258	0.000615612	1
4507	4507	-0.00797648	-0.0017572	0.0015832	-0.000935182	0
4532	4532	-0.00283395	0.00184909	-0.000783048	0.0021288	1
4539	4539	-0.00797866	-0.00418715	-0.000280851	0.000668461	0
4549	4549	-0.00752649	-0.000545581	-0.000114416	0.000147727	0
4569	4569	-0.00990679	-0.00414658	0.000256156	0.000554023	0
4580	4580	-0.00693868	-0.00411204	0.000713456	0.00348963	1
4587	4587	-0.0120003	-0.00489926	-0.000969345	0.00243782	1
4594	4594	-0.00614292	0.00620964	-0.00200646	0.00240787	0
4605	4605	-0.00858465	-0.00299892	-0.00109937	-0.00261976	0
4621	4621	-0.00896137	-0.00691556	0.000119021	0.0035284	0
463	463	-0.00493062	0.0109959	-0.00399935	-0.000550921	0
4632	4632	-0.007666	-0.00290472	-0.00206846	0.0009815	1
4643	4643	0.00377138	0.00159575	0.00310143	0.00539746	1
4646	4646	-0.0104138	-0.00589218	-0.000585178	0.00132103	1
4648	4648	-0.00786367	-0.00393829	-0.000658236	-0.00535398	1
466	466	-0.00299925	-0.00556145	0.00046222	0.00331298	0
4671	4671	-0.00627458	-0.00528486	0.00182196	0.002321	0
4672	4672	-0.00297845	-0.00820541	-0.00170009	0.00101304	0
4679	4679	-0.0103883	-0.00434169	-0.00327062	0.000617114	0
468	468	-0.00963734	-0.00614066	0.000529501	0.000845584	1
4680	4680	-0.00556756	0.00263374	-0.0006405	0.000646814	1
4693	4693	-0.00890599	-0.00125916	-0.00229897	0.000177218	1
4694	4694	-0.00619137	0.00816513	-0.00427694	-0.00384984	1
4695	4695	-0.0099013	-0.00566687	-0.00129437	0.00271449	0
4712	4712	-0.00488984	-0.0035317	-0.000741475	0.00243963	0
4715	4715	-0.00469638	-0.0028452	-0.00184154	0.00234021	0
473	473	-0.00476226	0.013074	-0.00376249	0.000874524	0
4735	4735	-0.00960657	-0.00283586	-0.00174192	0.00242174	1
4756	4756	-0.00855824	-0.0033003	-0.000501024	-0.000504037	0
4758	4758	0.0245249	-0.00184033	-0.00202464	0.000750891	0
4784	4784	-0.0127623	-0.00906141	-0.00033186	1.76061e-05	1
4797	4797	-0.00952716	-0.00324308	0.00138794	-0.000536918	0
4801	4801	-0.00930379	-0.00147019	-0.0024417	0.000160241	0
481	481	0.00665096	0.0116904	-0.000964961	0.006463	0
4813	4813	0.10431	-0.0635104	-6.17839e-06	0.00625584	1
4814	4814	-0.00768669	-0.000284554	0.00398921	0.00534949	1
4825	4825	-0.00726475	-0.000751574	-0.00252796	-0.000364606	0
4831	4831	0.0143646	0.0438712	0.000805952	-0.00263416	1
4833	4833	-0.00898728	-0.00347751	-0.00103957	0.000896961	0
4837	4837	-0.00761952	0.000390917	-0.00180423	0.00172496	0
4851	4851	0.0489609	0.0860762	-0.000493854	0.0128001	0
4859	4859	0.00114347	-0.00612073	0.00165711	0.00614978	0
4879	4879	-0.00974056	-0.00256521	-0.00423495	-0.00086562	1
4888	4888	-0.00973566	-0.00794871	-0.0023369	-0.00249503	0
4889	4889	0.0125147	-0.0107386	-0.0014163	0.000322514	0
4895	4895	-0.00862196	-0.00263101	0.00248397	-0.00204065	1
4897	4897	-0.00819157	-0.00163082	-0.00129061	-0.00302597	0
4927	4927	-0.00726558	-0.00341938	-0.00592217	0.000745229	0
4932	4932	-0.00837544	-0.0044399	-0.00446569	0.00129885	1
4935	4935	-0.0094946	-0.00336129	-0.00166314	-0.0023239	0
4941	4941	-0.00790752	-0.00607654	-0.00219885	0.000516043	0
4943	4943	-0.00709583	-0.00302053	-0.00375315	0.00271124	1
495	495	-0.010769	-0.00436516	-0.00277401	0.000496854	1
4962	4962	-0.00418533	0.00265767	-0.00147481	0.0017173	1
497	497	-0.00144115	-0.00626251	0.00130005	-0.0014853	0
4983	4983	-0.00617353	0.00491312	0.00115294	0.00122545	0
4990	4990	-0.00873332	-0.000110848	-0.00108189	-0.000631058	1
4996	4996	-0.00699285	-0.00599734	0.00241275	0.00110913	1
4998	4998	-0.0103804	-0.00360119	-0.000949922	0.00194984	1
4999	4999	-0.00894781	-0.005283	-0.00258951	0.000708581	1
500	500	-0.00834179	-0.00476738	-0.00257201	0.00460715	0
502	502	-0.00443731	-0.00569499	0.00232006	0.00796117	1
5027	5027	-0.00714782	-0.00411023	0.000363373	0.00653571	0
503	503	-0.011868	-0.00443968	-0.00236586	-0.00142515	1
5041	5041	-0.00712241	-0.0062877	0.00127012	-0.000494251	0
5044	5044	-0.00929254	-0.00339337	-0.00380572	0.00328077	1
5048	5048	-0.00830825	-0.00312987	0.00010578	-0.00192541	1
5049	5049	-0.00109211	-0.0066368	-0.000734216	-0.000799906	0
5073	5073	-0.0103509	-0.00750871	-0.0025065	-0.00201234	1
5098	5098	0.0513962	-0.0459044	-0.0151112	-0.981984	1
5105	5105	-0.00683613	-0.000538666	-0.00266346	-0.000217403	1
5107	5107	-0.00670466	-0.00872165	0.000651351	0.00694288	1
5130	5130	-0.00983682	-0.000715853	0.00166224	-0.000928105	1
5144	5144	-0.00736017	-0.0028838	-0.00549094	-0.00259402	1
5145	5145	-0.010311	-0.00438241	-0.00355417	-0.000682391	1
5146	5146	-0.00828302	-0.00626723	-0.00145848	0.00267	0
5154	5154	-0.00609273	-0.00310668	0.000786921	0.000453449	0
5155	5155	-0.00875434	-0.000890633	-0.00316424	-0.00363415	0
5164	5164	-0.00896128	-0.00550917	-0.00322775	-0.00411274	0
5167	5167	-0.0090557	-0.00364331	0.000179315	0.00123232	1
5168	5168	-0.00895916	-0.00372973	-0.00200947	-0.00300174	1
5172	5172	-0.00797105	-0.00575148	-0.00208318	0.000528864	0
5176	5176	-0.0109957	0.00252507	0.00131775	-0.00584198	0
5180	5180	0.018169	0.0176531	0.00149102	7.04686e-05	0
5182	5182	-0.0109602	-0.00630515	0.00115895	-0.00561943	1
5185	5185	0.0431792	0.0718238	-0.00176642	0.00667369	0
5190	5190	-0.00471034	0.00438886	-0.000711802	0.00399061	1
5206	5206	0.214137	-0.138362	-0.009892	0.0139079	0
5207	5207	-0.00634353	-0.003906	0.00250453	0.00379297	0
5218	5218	-0.00247986	-0.00261052	-0.00298996	0.00734058	1
5221	5221	-0.00775961	-0.00216838	0.000258781	-0.00369577	0
5223	5223	-0.00896292	-0.00470207	-3.30921e-05	-0.00141523	0
5233	5233	-0.0100944	-0.00312643	-0.00225929	0.000255183	1
5235	5235	-0.00180933	-0.00259246	-0.00256727	0.00433426	0
5236	5236	-0.00560011	-0.00122268	-0.00196503	-0.00157189	1
5246	5246	-0.00904278	-0.00668222	0.00193743	0.00514745	0
5249	5249	-0.00667319	-0.00278243	-0.00180846	-0.00301652	1
5257	5257	-0.00981906	-0.00347576	-0.000162276	-0.0042325	1
5263	5263	-0.00776224	0.0018335	-0.001735	-0.00137014	0
5273	5273	-0.00984166	-0.00652685	-0.00182374	-0.000878123	0
5274	5274	0.00453442	-0.00155652	-0.00123376	0.00785999	0
5276	5276	-0.00499833	-0.00748044	-0.000293383	-0.00563479	1
5284	5284	-0.0100055	-0.00584467	-0.000768173	-0.00294334	1
5288	5288	0.00974973	-0.0125213	-0.00378179	0.0052257	1
5293	5293	-0.0031512	0.000564447	-0.00239052	0.00469878	0
53	53	-0.0099202	-0.00383892	-0.000710107	0.0022234	0
5302	5302	0.0160815	0.0198698	-0.00180719	0.0108148	1
5310	5310	-0.00882593	-0.00402112	-0.00507792	0.000591894	1
5326	5326	-0.00847564	-0.00275954	0.00275909	-0.00208959	0
533	533	-0.0110971	0.000182666	-0.000598526	0.00128525	0
5332	5332	-0.00481976	-0.00344845	-0.00299793	-0.00128013	0
5342	5342	-0.00862311	-0.00320799	-0.00288042	0.000965332	1
5351	5351	-0.00495998	0.000611635	4.68619e-05	-0.0027526	0
5359	5359	-0.00848327	-0.00580169	-0.00252016	-0.00145863	1
539	539	-0.00581907	-0.0027001	-0.000550085	0.0019194	1
5397	5397	0.00359339	-0.000519995	0.0020188	0.0055143	1
5408	5408	-0.00797507	-0.00339278	-0.000776634	0.00184917	1
5414	5414	-0.00573254	-0.00295582	-0.00411059	-0.00111799	1
5425	5425	-0.00687738	-0.00339778	-0.00344795	-0.00200204	1
5432	5432	-0.00812869	-0.00318983	-0.00295215	-0.00252011	0
5442	5442	-0.00650634	-0.00246175	-0.00225558	0.000809589	0
5443	5443	-0.00817662	-0.00293121	-0.00160008	0.00124116	0
5447	5447	-0.0111274	-0.000871651	-0.00140112	-0.000294985	0
5456	5456	-0.00713155	-0.00213437	0.00131448	-0.000199207	0
5460	5460	-0.0100319	-0.00264063	-0.00151791	0.00248379	1
5475	5475	0.0044818	0.0188382	0.00184204	-0.00343889	0
5478	5478	-0.00840817	-0.00178756	-0.0012443	0.000146141	1
5487	5487	-0.00862947	-0.00119447	-0.00317202	-0.00496351	1
549	549	-0.00882955	-0.0035644	0.00259233	0.0044783	0
5490	5490	-0.00313292	-0.00627324	0.0095485	-0.000220506	0
5494	5494	-0.00861782	-0.00878482	-0.00248678	-0.000830131	1
5495	5495	-0.00894594	-0.00269855	-0.00140345	-0.000477768	0
55	55	-0.0107918	-0.00312083	-0.00116959	0.00115558	0
5501	5501	-0.00866334	-0.00645775	0.00824591	-0.0024617	0
5506	5506	0.0222579	0.0584179	-0.004112	-0.00532993	1
5515	5515	-0.00564599	-0.000469346	-0.00403592	-0.00173421	0
5516	5516	0.0903033	0.206351	0.000704362	-0.012364	1
5529	5529	0.00568946	0.0111198	0.000991066	0.00018007	0
5531	5531	0.00370367	-0.0054268	0.00164787	0.00343311	0
5536	5536	-0.00889828	-0.00473629	-0.00432735	-0.0040372	1
554	554	-0.00987396	0.00054781	-0.00123113	0.00110954	0
5540	5540	-0.00294386	-0.00368906	0.00544092	0.00173616	1
5545	5545	-0.00807144	-0.00164813	0.000139564	3.60496e-05	0
5557	5557	-0.00709277	-0.00313014	-0.00147944	0.00332059	1
556	556	0.0152912	0.0514555	-0.0032069	-0.000907355	0
5568	5568	-0.0019701	0.010452	-1.21826e-05	-0.00378754	1
5570	5570	-0.00831318	-0.00220398	-0.00193277	0.000822542	0
5581	5581	-0.00611099	-0.00775574	-0.00149699	0.00312119	1
5582	5582	-0.011567	-0.00522157	-0.000195192	0.00333835	0
5602	5602	-0.00889308	-0.00507596	-0.00164991	-0.000862938	0
561	561	-0.00894108	-0.00451065	0.000387565	-0.000673145	1
5612	5612	-0.0056634	-0.00307866	-0.00262409	-0.00346115	0
5613	5613	-0.00560575	-0.000124517	-0.000587192	-0.0035176	1
5620	5620	-0.0103844	-0.00636292	0.000194367	0.00104502	0
5628	5628	-0.00726671	-0.00584881	0.0013369	-0.00572212	0
5629	5629	-0.00933136	-0.00216554	-0.00137383	-0.000909726	1
563	563	-0.00374757	-0.00387488	0.0011817	0.00397291	0
5637	5637	0.00187519	-0.00334495	0.00154725	0.00514871	0
5659	5659	-0.00933835	-0.0070718	-0.000180757	-0.00220712	1
567	567	-0.00855894	-0.00919095	-0.00516241	0.000548426	1
5675	5675	-0.0039188	-0.0067538	0.00127494	0.00841571	0
5683	5683	-0.0014668	0.0128552	-0.00424875	-0.00194723	0
5701	5701	-0.00608092	-0.00231495	7.49469e-05	0.000699883	1
5709	5709	-0.00930657	-0.0100654	0.00168931	0.00299981	0
5719	5719	-0.00138799	-0.000400163	-0.000161648	0.00367623	1
572	572	0.0179084	0.0563139	-0.00158643	0.00024511	0
5723	5723	0.00263405	-0.00145926	-0.00331845	0.00521446	1
5728	5728	-0.00600605	-0.00444088	-0.00107541	-0.00109032	0
574	574	-0.00889258	-0.00558337	-0.000765148	0.00227617	0
5741	5741	-0.000786695	-0.00209568	-3.49255e-05	0.00699641	1
5743	5743	-0.00806441	-0.00302437	-0.00200758	-0.00294523	0
5745	5745	-0.00710658	-0.00184225	-0.00284639	0.00205545	1
5790	5790	-0.00756653	-0.00511863	0.00326365	-0.00256697	1
5795	5795	0.00814762	0.0163308	-0.00100106	-0.00184976	0
58	58	-0.0110461	-0.00419489	-0.000319642	0.000315663	0
5800	5800	-0.00731608	-0.00612602	-0.00078997	-0.00534892	0
5803	5803	-0.00652708	-0.00291046	-0.00132115	0.00212855	1
581	581	-0.00939825	-0.00368066	-0.00130654	0.00144931	0
5815	5815	-0.00682002	-0.00486023	-0.00377348	-0.00469521	0
5820	5820	-0.00907922	-0.00356192	-0.00422514	-0.00172789	1
5821	5821	-0.000185849	-0.00826583	0.0014789	-0.00635764	1
583	583	-0.00971683	-0.00250192	-0.00131943	8.88925e-06	0
5830	5830	-0.00877373	-0.00667091	0.00297489	-0.000515544	1
5833	5833	-0.00726756	-0.00576379	-0.0037981	-0.00249672	1
5850	5850	-0.00598179	0.00409465	-0.00143157	8.3546e-05	0
5866	5866	-0.00811498	-0.00163344	-0.00408647	0.000248018	1
5872	5872	-0.00863632	-0.00349138	-0.00239701	-0.000614694	1
5881	5881	0.020848	0.044616	0.00252188	-0.000503355	1
5884	5884	-0.00849158	-0.00454927	-6.03431e-05	-0.00176597	0
589	589	-0.00881126	-0.00154787	-0.00250929	0.00250513	0
5892	5892	-0.00850717	-0.00403095	-0.00201327	0.000305522	1
5900	5900	-0.00640718	-0.00323709	-0.00328215	-0.000250481	0
5902	5902	-0.00438771	8.41481e-05	-0.000568612	0.00288584	1
5917	5917	-0.00918933	-0.0037041	-0.00231625	-0.000620099	1
5924	5924	-0.010059	-0.00620656	0.000765531	0.000971167	0
5935	5935	-0.00795736	-0.00291117	0.00149539	-0.00273019	0
5943	5943	-0.00946372	-0.00616375	-0.0026944	-0.00595326	1
595	595	-0.00923212	-0.00255781	0.000951121	0.00106103	1
5961	5961	-0.00712881	-0.00707683	0.00272534	0.00131686	0
5965	5965	-0.0108446	-0.00274468	0.000494282	-0.00171697	1
5973	5973	0.0399844	0.0036019	-0.0023631	-0.0109712	1
5989	5989	0.104128	-0.0649225	0.00624976	0.00437807	0
5996	5996	-0.0070575	-0.000835284	-0.000371164	0.000976328	1
5998	5998	0.0424391	0.00799451	0.00410382	0.010486	0
5999	5999	-0.00875016	-0.00347808	-0.00448467	0.00171107	0
60	60	-0.00107588	0.00213195	0.000408797	0.00308369	0
6005	6005	-0.00947749	-0.00304973	-0.00462906	0.00027405	0
6013	6013	-0.00671053	-0.000929078	-0.000438542	0.000245401	0
602	602	-0.010571	-0.00380984	-0.0036587	0.000499874	0
6020	6020	-0.00706006	0.000212532	-0.00232136	-0.00268769	0
6025	6025	-0.00737683	-0.00698968	-0.00158881	-0.00189285	0
6035	6035	-0.0115486	-0.00553585	-0.000408992	0.00217876	1
6042	6042	-0.00615519	-0.00395133	0.000739886	-0.00318388	1
6045	6045	-0.00877646	-0.00473723	-0.00265778	-0.00597067	0
6064	6064	-0.00359793	-0.00340328	0.000275396	-0.00137595	1
6065	6065	0.0968178	-0.0667539	-0.003559	0.00973689	1
607	607	-0.0120437	-0.0052528	0.00236567	0.000397078	0
6074	6074	0.232277	-0.144985	0.00342275	0.0110166	0
6077	6077	-0.00986538	-0.00251055	0.00053483	-0.00613786	1
609	609	-0.0116286	-0.0029382	-0.000542122	0.000661119	0
6093	6093	0.0499258	0.0981528	0.0037202	-0.00309216	0
6099	6099	-0.0113941	-0.00272246	-0.00516431	0.00070884	0
610	610	0.0219136	0.032684	-0.00309052	-0.00413264	0
6103	6103	-0.00937751	-0.00177472	-0.0032996	-0.00205602	0
6105	6105	-0.00767885	-0.00559352	-0.00165444	-0.000584785	1
6115	6115	-0.00847989	-0.00045457	-0.00519894	-0.000965606	0
6117	6117	-0.00612585	-0.00202047	-0.00324938	-0.00306153	0
6120	6120	-0.00986276	-0.00176615	-0.00195922	0.00212216	1
6124	6124	0.0253455	0.0568882	0.00225635	-0.000943664	1
6127	6127	-0.00747286	-0.00466579	-0.00133383	-0.00317208	0
613	613	-0.01078	-0.00454107	-0.00203832	0.000350615	0
6131	6131	-0.00957343	-0.00712196	0.000510068	-0.00312613	0
6169	6169	-0.00835489	-0.00412465	-0.00334827	0.00115184	1
6179	6179	-0.00397688	-0.00221699	-0.00243132	0.00581514	1
6189	6189	-0.00595211	-0.00199581	0.00267732	-0.000909854	1
6192	6192	-0.0102455	-0.00214725	-0.00118859	0.000250126	1
62	62	-0.0121637	-0.004661	-0.0042646	0.000555889	0
6204	6204	-0.00763766	-0.00452032	0.00142481	-0.000968676	1
6206	6206	-0.00813832	-0.00063455	0.000981257	0.000241791	1
6214	6214	-0.00864754	-0.00507608	-0.00105924	-0.00142875	1
6216	6216	0.00239748	0.00474159	-0.000455906	0.00629146	1
6221	6221	-0.00857473	-0.00345674	0.00232475	0.00156048	1
6238	6238	-0.00805713	-0.00518785	-0.003468	-0.00189062	1
6239	6239	-0.00956359	-0.00387777	0.0012688	-0.000866147	1
6244	6244	-0.00876404	-0.000375091	-0.00373851	0.00140512	1
6248	6248	-0.00838487	0.00208969	-0.00553512	-0.00243078	1
6249	6249	0.00386228	0.0154604	-0.000719955	-0.00258544	0
6250	6250	-0.00486541	-0.00209776	0.000735215	-0.000789793	1
6252	6252	-0.00763774	-0.00477289	-0.00148425	0.00410624	1
6257	6257	-0.00899619	-0.00327357	-0.00220305	-6.10255e-05	1
6263	6263	-0.00892784	-0.00662913	-0.000730156	0.0005085	0
6269	6269	-0.00994654	-0.00489048	0.000695826	-0.0024788	1
6274	6274	0.00666278	0.000311165	0.00229556	0.0094892	0
6284	6284	-0.00935788	-0.00502517	-0.00110949	-0.0010107	1
6285	6285	0.00574144	-0.011643	-0.00107646	-0.000759316	1
6296	6296	-0.00664066	-0.00856013	0.00352831	-0.00152408	0
63	63	0.0062722	0.00250568	0.00111923	0.00767912	0
6335	6335	-0.0088234	-0.00525372	-0.000561172	0.00263491	1
6341	6341	-0.0061242	-0.00523767	-0.00235674	-0.000144447	1
6351	6351	-0.00784177	-0.00286327	4.66534e-05	-0.00251845	1
6356	6356	-0.00887431	-0.00398817	-0.000610855	-0.000807329	1
6367	6367	-0.00853516	-0.00315777	-0.00238719	0.000523779	1
6381	6381	-0.00786101	-0.00363872	0.000137196	0.000155068	0
64	64	-0.000749025	-0.00570019	0.00558099	-5.64586e-05	0
644	644	-0.00713887	-0.00977978	0.000293295	-0.00137282	0
645	645	-0.00413564	0.0124771	0.000635394	-0.00180646	0
6450	6450	-0.00794468	-0.00329645	-0.00191433	-0.00131413	1
646	646	-0.0109281	-0.00379714	0.00154574	0.00228675	0
6484	6484	-0.00803403	-0.00304088	-0.00487333	-0.00074174	0
6491	6491	-0.0101621	-0.00397555	-0.00229807	-0.00418262	0
6493	6493	0.0662429	0.114095	0.00173321	-0.00343048	0
650	650	0.00657065	-0.00570512	-0.000702822	0.00297268	0
6544	6544	-0.00372558	0.00339894	-0.000115492	0.00401609	0
6547	6547	0.0102859	0.0122139	-0.000411614	-0.00192304	0
6573	6573	0.0611285	-0.0178485	-0.00124871	-0.00894978	1
6583	6583	0.0495269	0.0847105	-0.00116989	-0.00108803	1
6589	6589	0.002243	0.0240935	-0.00235489	-0.00207225	0
6633	6633	-0.0113556	-0.00611634	8.41098e-05	-0.00126834	1
6634	6634	-0.00706098	-0.00165744	-0.00306834	-0.00657669	1
667	667	-0.010858	-0.00307789	-0.00145601	0.00433991	0
669	669	-0.0117649	-0.00558053	-0.000652844	0.000266465	0
6690	6690	-0.0102024	-0.00635915	-0.00409018	-0.000635877	0
6706	6706	0.00640453	-0.00213589	-0.00060266	0.00960158	0
6721	6721	-0.00609651	-0.000745102	0.000708823	-0.000622306	1
6733	6733	-0.00558241	-0.00368165	0.00278505	0.00466545	1
6738	6738	0.0828334	-0.0328956	-0.0063318	0.0252098	0
6758	6758	-0.00833915	-0.00483962	-0.00187233	-0.00290621	0
678	678	-0.0093644	-0.00560637	-0.00403756	0.00515821	0
6780	6780	-0.00904546	-0.00381869	0.003503	-0.00114835	1
6814	6814	-0.00802076	-0.00435472	-0.00137395	-0.00368941	1
682	682	-0.00554822	-0.00328329	-0.000959473	0.00312584	0
6832	6832	-0.00527912	-0.00499808	-0.00193552	0.00124302	1
684	684	-0.00904756	-0.00677971	0.00369825	-0.0044247	1
685	685	-0.00570365	-0.00772859	0.00208168	0.00308265	1
6858	6858	-0.00646332	-0.0065804	0.000697859	-0.00205797	0
6860	6860	-0.0100758	-0.00410548	-0.00180842	0.00262426	1
6861	6861	-0.00821712	-0.00427385	0.000764367	0.0030207	1
6875	6875	0.00523232	0.00400366	0.0113784	0.00911777	1
6897	6897	-0.00267743	0.000583384	0.00119013	-0.000995786	0
6916	6916	-0.00960589	-0.0111588	0.000419296	-0.00279128	1
6927	6927	4.77095e-05	-0.00734453	0.00481135	0.00279075	0
6928	6928	-0.00833632	-0.00601715	-0.00243328	-0.000428912	1
693	693	-0.00680171	-0.000719735	-0.000415733	-0.00593477	0
6934	6934	-0.00724655	-0.00154159	-0.00416592	-0.00449577	0
6971	6971	-0.0083377	-0.00386345	0.00366979	-0.00101915	1
6989	6989	-0.0118426	-0.00499812	-0.000725938	0.00132316	0
6993	6993	-0.00277859	-0.00473299	-0.00241383	0.00493852	1
7011	7011	-0.0092953	-0.00643892	-0.00576166	-0.00397281	0
7014	7014	-0.00527635	-0.00505105	-0.00233975	0.00172442	0
7020	7020	-0.00915329	-0.00473216	0.0012509	0.000812005	0
7028	7028	-0.00237038	-0.00894559	0.00270005	0.00649399	0
704	704	0.00426764	0.00498012	0.00676316	0.00551651	0
7055	7055	-0.0106867	-0.00347611	-0.000340784	-0.00109838	0
7070	7070	-0.00707156	-0.00516805	-0.00200372	0.0027744	1
7089	7089	-0.00950496	-0.00285226	-0.00394253	-0.00331664	1
7099	7099	-0.00570281	-0.00488773	-0.0015279	-0.0051519	1
7103	7103	-0.00422411	0.00109573	0.00170633	0.00191865	1
7134	7134	0.0437382	0.0885714	-0.000679843	-0.00415249	0
7141	7141	0.207332	-0.0730904	-0.00686484	0.0449884	1
7155	7155	-0.00654157	-0.00361953	-0.00245358	-3.76415e-05	1
7156	7156	-0.00238823	0.00500058	0.00310251	-0.000318947	0
717	717	-0.00809718	-0.00488539	-0.00289005	-0.0034297	0
7184	7184	-0.00762072	-0.00687179	0.000605035	-0.00371399	1
7190	7190	-0.0072423	-0.000896707	0.000154375	-0.00478506	1
721	721	-0.00894893	-0.00406004	-0.00290654	0.00343854	1
7214	7214	-0.00481313	-0.00142681	-0.00294543	-0.000539583	0
722	722	0.00562223	-0.0013539	0.00192455	0.0116226	0
7224	7224	-0.00968658	-0.00478099	-0.000894322	-0.00320519	0
7228	7228	-0.00527053	-0.00473033	0.00392932	0.00115376	1
7244	7244	-0.00782361	-5.49821e-05	-0.00216794	-0.000875966	0
7257	7257	-0.00703945	-0.0059371	0.00146841	-0.00186888	1
726	726	-0.00396988	-0.00400024	0.00159388	0.00373312	0
7285	7285	-0.00490486	-0.0042134	-0.000385844	-0.000221217	1
7297	7297	-0.00805154	-0.00745913	-0.000329197	-0.00172845	1
7322	7322	-0.00211115	-0.00177006	-0.000166668	0.00514973	1
7339	7339	0.151317	-0.0617579	-0.00978728	0.0450749	1
7345	7345	-0.00745719	0.000257769	-0.000783476	-0.00308128	0
7360	7360	-0.00736134	-0.00451982	0.000314373	0.00140929	0
74	74	-0.0122272	-0.00790532	-0.001505	0.00123837	0
7403	7403	-0.0102623	-0.00390255	-0.00269959	0.00213258	1
7405	7405	-0.00754965	-0.00474473	-0.00225983	-0.00192863	1
7413	7413	-0.00910642	-0.00396973	-0.00383913	-0.000404933	1
745	745	-0.0115012	-0.00689376	-0.00105506	0.00273737	0
7454	7454	-0.00612943	-0.00676383	-0.00212763	0.00027897	0
7470	7470	-0.00404258	-0.000778531	-0.00213898	0.00411767	1
7471	7471	0.00348419	-0.00171037	0.00449748	0.00902628	0
7475	7475	-0.00720838	-0.00442691	-0.000345898	-0.00094094	1
748	748	0.00688431	0.00340105	0.00509562	0.00939461	1
749	749	-0.0111748	-0.00649726	-0.00327597	0.00292229	0
7498	7498	-0.00309919	8.92583e-06	0.00436037	-0.00174731	1
75	75	-0.0048309	-0.00388455	0.00223259	0.00729899	0
7510	7510	-0.00768046	-0.0037963	0.000740792	-0.00378972	0
7520	7520	-0.00837905	-0.00369704	0.000533408	-0.00188944	0
754	754	-0.00549205	-0.00401053	-6.84873e-05	0.00306513	0
7544	7544	-0.00595831	-0.00546999	0.001904	-0.00221225	0
7547	7547	-0.00442226	-0.00829388	-0.00175635	0.00215636	1
7561	7561	-0.00413411	-0.00460942	-0.000686289	-0.00170117	1
7565	7565	-0.00773564	-0.00564753	-0.00152258	-0.00312768	1
7567	7567	-0.00899217	-0.00719029	0.00147882	-0.00320736	0
7568	7568	-0.00562496	-0.00162603	-0.000156477	0.00150882	1
7569	7569	-0.00257761	-0.00877309	0.00150582	0.00269085	1
758	758	-0.00963924	-0.00581675	-0.00644157	0.00276093	0
7585	7585	0.0314464	0.00751302	-0.00386106	-0.00427544	1
761	761	-0.00997106	-0.00470587	0.00246197	0.00374533	1
762	762	0.00785856	-0.0095818	0.0105216	-0.013616	1
7622	7622	-0.0101777	-0.00526807	-0.00129514	-0.00343511	1
763	763	-0.0046936	-0.00479909	0.00331244	0.00446759	0
7636	7636	-0.00793961	-0.00314558	-0.00139084	-0.000310114	0
7670	7670	-0.0108927	-0.00916514	0.000616788	-0.00662546	0
7693	7693	-0.00297243	0.00251652	-0.00321932	0.000518498	1
7707	7707	-0.00784212	-0.00551542	-4.89132e-05	0.00185209	1
7733	7733	0.0653259	0.145471	-0.00268887	-0.0156282	0
775	775	-0.0104478	-0.00149696	-0.00266907	0.00333428	0
7753	7753	0.00564592	-0.00240825	0.00347046	0.00783124	0
7757	7757	3.05923e-05	-0.00828368	0.00317815	0.0033939	1
7759	7759	0.00590955	0.00304703	-0.00104409	0.0126515	0
776	776	-0.00814928	-0.00859086	-0.00142349	0.00288778	1
7761	7761	0.0228519	0.0150522	-0.000280126	0.00183531	1
7763	7763	-0.00319414	-0.00682154	0.000306871	0.00044723	0
777	777	-0.0104927	-0.00643988	-0.00227309	0.00227048	0
7781	7781	-0.00760127	-0.00417432	-0.000705164	0.00672229	0
7785	7785	-0.0093187	-0.00200096	-0.00379857	-0.00159761	1
779	779	-0.00533336	0.00688397	-0.00189061	0.00197845	0
7798	7798	-0.0088305	-0.00346153	-0.000840701	0.00201727	1
7800	7800	-0.00850391	-0.00786074	0.00276064	0.0005606	1
781	781	-0.0111261	-0.00522883	0.000593002	0.00139932	1
782	782	0.0083209	0.0337839	-0.00178909	0.00193693	1
7842	7842	-0.00887273	-0.00554543	0.000253736	-0.000742138	0
7854	7854	-0.00878401	-0.00843153	0.00265359	-0.00474584	1
7857	7857	-0.00644289	-0.00569988	0.000103172	-0.000751258	1
7876	7876	-0.00615337	-0.00507251	-0.000790497	0.00289753	1
7888	7888	-0.00902954	-0.0079185	-0.00304808	-0.00345795	1
7907	7907	-0.00622412	-0.0046557	0.000165139	-0.0039516	0
792	792	-0.00117611	-0.0122051	-0.000286503	0.00473833	0
7931	7931	-0.00449946	-0.00738691	0.00175903	0.00276331	0
7953	7953	0.109869	-0.0306461	-0.00247615	0.0340038	0
7954	7954	0.0254233	-0.00800949	0.00174228	0.013667	1
7955	7955	0.0250932	0.0303581	0.00549371	0.00263735	1
7959	7959	-0.00740005	-0.0078632	0.000442944	-0.0107347	1
798	798	-0.00700075	0.00199707	-0.0035052	0.00210517	1
7981	7981	-0.00774336	-0.0039561	-0.000907063	0.00153184	1
7989	7989	-0.0104989	-0.00277539	-0.000973651	0.00223077	1
799	799	-0.00416071	-0.00410818	0.00127586	0.00723256	1
8	8	-0.00615337	-0.00183137	8.13449e-05	0.00582682	1
803	803	0.00968859	0.0117084	0.00154926	-0.00292774	1
8049	8049	0.0433083	0.0732171	0.00320789	0.0155811	0
8056	8056	0.00824676	-0.00140666	0.00210016	0.0107524	1
806	806	-0.00955235	-0.00374564	-0.000590873	0.00113327	0
807	807	-0.00896976	-0.00435962	0.000627226	0.00172425	0
808	808	-0.0123341	-0.00420028	-0.00213743	-0.00124084	0
8090	8090	-0.00475718	-0.00279884	0.000572191	0.00457068	0
81	81	-0.0111282	-0.000346818	-0.0067163	0.00114137	0
811	811	-0.00986056	-0.00583448	0.000854665	0.00116479	1
8129	8129	-0.00893419	-0.00588807	-0.00110322	-0.000576263	1
813	813	-0.00874033	-0.00672027	-0.000763103	-0.00383342	0
8139	8139	-0.0056924	-0.00348104	0.000373802	-0.00986574	1
814	814	0.0534166	-0.0272831	-0.00124374	0.0127582	0
816	816	-0.00803999	-0.00487287	-0.0003072	0.00186398	0
8180	8180	-0.00769182	-0.00217726	-0.000887876	0.000764921	1
820	820	-0.00147565	0.0049357	-0.00168844	0.00363911	0
8202	8202	-0.0052619	-0.00340467	0.00194905	-0.000354964	1
8204	8204	-0.0100743	-0.00599569	-0.00132049	-0.00209273	1
8301	8301	0.0111912	-0.0131305	-0.00104328	-0.00393374	1
8304	8304	-0.00303816	-0.00578545	-0.00329657	-0.00867115	1
8318	8318	-0.00542004	-0.00837647	6.62561e-05	-2.69187e-05	1
8319	8319	-0.00756234	-0.00660268	0.000469853	-0.00181861	0
8352	8352	-0.010118	-0.00482107	-0.000211437	-0.00116175	0
836	836	-0.0115869	-0.00402594	-0.00389595	0.000725738	0
8360	8360	-0.00821913	-0.00709036	0.00253317	0.00078358	1
8363	8363	-0.00864302	-0.000178396	0.000570793	-0.00304598	1
8379	8379	0.078303	-0.0288087	0.0016999	0.0169047	0
8387	8387	-0.00481258	-0.00367658	0.000303014	-0.00118608	1
839	839	-0.0111593	-0.00520341	0.000789984	0.00269444	0
8403	8403	-0.00847893	-0.00181018	-0.00457288	0.00204716	0
8415	8415	-0.008743	-0.00285095	-0.0020417	0.0031496	0
8416	8416	-0.00885836	-0.00548032	0.00108688	-0.000699246	1
842	842	-0.00876429	-0.00557183	-0.00155799	0.00178507	1
845	845	-0.00802667	-0.00438245	-0.00261567	-0.000852406	1
8466	8466	-0.00555597	-0.00605881	-0.00256933	-0.00174987	1
8476	8476	-0.00852937	-0.00414469	-0.00219195	-0.00173664	1
850	850	-0.00914873	-0.00550066	-0.000579905	0.00324517	0
8522	8522	0.0099169	0.0291814	0.00212175	0.00195673	0
8529	8529	-0.00581375	-0.00445742	-7.50555e-05	-0.00123243	1
8534	8534	-0.00970584	-0.00245712	-0.000767189	-0.000149923	0
8538	8538	-0.00933171	-0.00561668	0.00156448	-0.000841278	1
854	854	-0.00578967	-0.00102557	-7.3729e-05	0.00346103	0
8546	8546	-0.00800455	-0.00764882	-0.00279761	0.00113869	0
8563	8563	-0.00992449	-0.00600653	-0.00409015	0.00126974	1
8565	8565	-0.00899111	-0.00813955	0.00546693	-0.00050833	0
8578	8578	-0.00637013	-0.00692433	0.00154762	-0.00419745	1
8588	8588	0.00583113	-0.000136655	0.00239887	0.0117263	0
8619	8619	-0.00702227	-0.00246257	0.00142621	-0.000537261	0
862	862	-0.0116185	-0.00471728	0.000122131	0.00357168	0
865	865	-0.00977617	-0.00876845	-0.00147653	0.00228812	0
8656	8656	-0.0076509	-0.0023693	-0.00064602	-0.00302901	1
8666	8666	-0.00707464	-0.0050518	-0.00225833	0.00207944	0
8701	8701	-0.00489731	-0.00316756	0.000529198	0.00159186	0
8723	8723	-0.00484385	-0.00536081	-0.00120828	0.000322537	1
8737	8737	-0.0105551	-0.00120806	-0.000405843	-0.000641527	0
8739	8739	0.0512417	0.0690225	0.00613848	-0.00396282	0
8747	8747	-0.00813005	-0.00343677	1.97175e-05	-0.000379498	0
8766	8766	-0.00850997	-0.00565145	0.00306126	0.000846429	1
8834	8834	-0.00731643	-0.00663573	-0.0025548	0.000755855	0
8841	8841	0.012743	0.0192524	0.000102745	0.0100591	0
8844	8844	-0.00735499	-0.00837863	0.000630081	0.000184689	0
887	887	-0.0107573	-0.00240519	-0.00380034	0.00212625	0
8874	8874	-0.010219	-0.00215936	-0.000138399	0.000516023	0
8883	8883	-0.00686262	-0.00590322	-0.00136701	-0.00272916	0
891	891	-0.0106448	-0.00282833	-0.0023245	-0.000431278	0
8939	8939	-0.00280405	-0.00388354	-0.00114887	-0.00125211	1
8947	8947	-0.00502234	-0.00653366	0.00170465	0.0029207	0
8977	8977	0.0161191	0.0234383	-0.000134428	-0.00519064	1
898	898	-0.00508918	0.00688319	-0.000934191	0.000275313	0
8990	8990	0.131393	-0.0574208	-0.00636586	0.0338358	1
90	90	-0.00887976	-0.00332956	-0.0014231	-0.0064995	1
9023	9023	-0.00914556	-0.00502998	0.00162544	0.000625713	1
903	903	-0.0110288	-0.003256	-0.00425006	-0.000339252	0
9039	9039	-0.0059287	-0.00509268	-0.00364089	-0.00348195	1
9046	9046	-0.00409222	0.0029278	-0.00127272	-0.000431161	1
9078	9078	-0.00751845	-0.00307613	0.000659662	0.000980559	1
9081	9081	-0.00854189	-0.00422338	-0.00191212	-0.00245299	0
909	909	-0.0117268	-0.00686389	-0.00272743	0.00132827	0
9111	9111	-0.00372449	-0.00587015	0.0003235	-0.00432452	0
912	912	-0.0107263	-0.00514879	-0.00138105	0.00298326	1
9126	9126	-0.00780195	-0.00679164	0.00236503	0.00412767	1
9129	9129	-0.010259	-0.00680088	0.000656651	-0.00304962	1
9143	9143	-0.00471995	-0.00470174	-0.00104264	-0.00299177	0
915	915	-0.00983048	-0.00162744	-0.00011435	3.11345e-05	0
916	916	-0.00995359	-0.00209517	0.000130554	0.00454146	0
9164	9164	-0.00774128	-0.00677332	-0.0034406	-0.00181461	1
9166	9166	-0.00942103	-0.00361115	0.00458646	-0.000350802	1
9172	9172	-0.009802	-0.00210181	0.000174841	-7.73285e-05	1
918	918	-0.00732063	4.71177e-05	-0.00144867	-0.00242247	1
9185	9185	-0.00594559	-0.00444838	-0.00283376	-0.00211617	1
920	920	0.00305141	-0.00769694	8.92168e-05	0.00347875	0
9217	9217	-0.00521515	-0.00385698	-0.00174838	2.45876e-05	0
9218	9218	-0.00835162	-0.00338357	0.000604676	-0.000248984	1
922	922	-0.0107463	-0.000244151	-0.00255719	-0.00286102	0
9232	9232	-0.00805693	-0.000127263	-0.00137836	0.00162443	1
924	924	0.0199876	0.0433559	0.00283293	-0.0115481	0
9243	9243	-0.00881614	-0.00603342	0.000948473	-0.00445757	1
9247	9247	-0.00843041	-0.00104144	0.000325219	0.00419285	0
925	925	-0.0111599	-0.0024797	-0.00332305	0.00277112	0
926	926	-0.0109071	-0.00473915	0.000208285	0.00295776	0
9262	9262	0.00220498	-0.0169427	0.994008	-0.0148752	1
9277	9277	-0.00800139	-0.00772741	-0.000996901	-0.00239237	0
9281	9281	-0.00682783	-0.00546545	-0.00157011	-0.00076039	1
9283	9283	-0.00962057	-0.00411793	-0.00207729	-0.00571553	0
9314	9314	-0.00537165	-0.00241132	-0.0012029	0.00359975	1
9323	9323	-0.00972515	-0.00437885	-0.000525866	0.000777649	1
9327	9327	-0.00906742	-0.00670106	-0.00330452	-0.00625823	1
9366	9366	0.0002187	-0.00537415	-0.00118206	0.00254885	0
9413	9413	-0.00710488	-0.00360524	-0.00389194	-4.24629e-05	0
9427	9427	-0.00790592	-0.00451997	-0.00141089	-0.00338908	1
943	943	-0.00713435	-0.000476255	-0.0011007	-0.000652871	0
9430	9430	-0.00817046	-0.0041401	-0.00410069	-0.00193109	1
9471	9471	0.0120421	0.0100683	0.00141718	0.0111709	0
9480	9480	-0.00668324	-0.00274134	0.00281883	-0.00320796	1
9486	9486	-0.00773093	-0.00530572	-0.00228587	-0.0151117	0
949	949	-0.0112526	-0.0048002	0.000182096	0.000807491	0
951	951	-0.00913481	-0.00640555	-0.00252219	0.00172579	0
9519	9519	-0.0117507	-0.00348637	-0.00117371	0.00119368	0
952	952	-0.0104895	-0.00460688	-0.00226608	-0.00108633	0
954	954	-0.0104722	-0.00490614	0.000633079	0.00185355	0
9541	9541	-0.00981522	-0.00677133	0.000787911	0.000714745	0
9656	9656	-0.00166268	-0.00594229	0.00380513	0.00526579	0
966	966	-0.00768947	0.00234445	-0.000712152	0.00150646	1
968	968	-0.0108538	-0.004468	-0.00403262	-0.000416032	0
972	972	-0.00594239	-0.00255863	0.000960169	-0.00114306	0
9749	9749	-0.00914173	-0.00422194	-0.00265303	-0.00412014	0
9752	9752	-0.00678475	-0.00965942	-0.00049214	-0.00657175	1
9762	9762	-0.00219063	-0.00379792	0.000545135	0.00512076	0
9765	9765	-0.0101417	-0.00756802	-0.00317793	0.00213345	1
9781	9781	-0.0101404	-0.00353922	-0.00329482	-0.00157713	1
9784	9784	-0.00784583	-0.00561298	1.22211e-05	-0.002197	1
9812	9812	0.021868	-0.00843399	-0.00224472	-0.0207083	0
9817	9817	-0.00229008	0.00514362	-0.00186046	-0.00806548	0
9832	9832	0.00586793	-0.00026166	0.00527064	0.00658983	0
9835	9835	-0.00731429	-0.00921492	-0.00163893	0.00347489	1
9839	9839	-0.00979822	-0.00363112	-0.003751	-0.00206047	1
9849	9849	-0.000351176	-0.00692844	-0.00169142	0.0018707	0
9862	9862	0.000225222	-0.00865212	-0.00521759	-0.00376599	0
9876	9876	-0.0085219	-0.00531254	-0.00254793	-0.00276311	1
99	99	-0.0104521	-0.00274052	-0.00157488	0.00164447	0
990	990	-0.0104811	-0.00356899	-0.00299048	-0.00114751	0
9905	9905	0.017837	0.0233181	-0.00278113	0.00427863	1
9906	9906	-0.00862465	-0.00555771	0.00105302	-0.00238238	1
9928	9928	-0.0117931	-0.00279706	0.00126891	0.00149129	1
9974	9974	-0.0065535	-0.00251826	0.000578017	-0.00440612	1
999	999	0.00837355	-0.0115242	0.00302658	-0.00101279	0
