10	10	-0.10018	-0.0131383	-0.0555108	0.00935019	-0.037954	-0.0379552	0
10012	10012	-0.0937156	-0.00333456	-0.0864014	-0.0134228	-0.0941678	0.0398117	1
10036	10036	-0.01389	0.0160346	-0.0148774	0.00977875	-0.0151863	-0.00832436	0
10097	10097	0.0198467	0.00789151	0.0345192	-0.00995524	-0.0150971	-0.0123828	1
1010	1010	-0.0463669	0.0393545	0.0183604	0.0191743	-0.0588407	0.0517891	0
10100	10100	-0.03893	0.0243749	-0.0152501	-0.0294397	-0.0530024	0.0218414	1
10106	10106	0.00914016	0.000913984	0.0543373	0.00402922	-0.0464045	-0.00861268	1
1013	1013	0.0187001	0.0165846	0.0112665	0.00766912	-0.00840756	-0.0137384	0
1020	1020	0.0175682	0.0160971	0.0118389	0.00274153	0.0111969	0.0136677	0
10216	10216	-0.0149187	0.010993	-0.0145466	0.0235449	-0.0468531	0.0124671	0
1022	1022	0.0161216	0.00488739	0.00266862	0.00553139	0.00831209	-0.0559124	0
10232	10232	-0.00489071	0.00107029	0.0112512	-0.0254622	-7.46714e-05	0.0178044	0
1024	1024	0.00758144	-0.0219696	-0.0678684	-0.0184852	-0.000202551	0.00310498	1
10246	10246	0.00559694	-0.0171762	0.0265986	-0.0134792	0.0327725	-0.0473143	0
1026	1026	0.0170127	0.00316999	0.033272	-0.00684161	-0.0198414	-0.0224963	1
10260	10260	0.0139413	0.0299154	-0.00533724	0.000764076	0.0489211	-0.00560145	1
1028	1028	0.0102239	0.0234432	-0.0169004	0.0245619	0.0118105	0.0197128	1
1033	1033	-0.126551	-0.010664	0.045181	-0.015985	0.014854	0.0357728	0
1034	1034	-0.0838324	-0.0145015	0.00319761	-0.00266322	0.0327908	0.00543997	0
10348	10348	-0.0244857	0.0245617	-0.00241354	-0.0115103	-0.0363568	0.0390998	0
1036	1036	0.0179218	0.0208821	0.00534962	0.0308701	-0.00804634	-0.0246729	0
10374	10374	-0.0465602	0.0053854	0.0283577	-0.0288222	0.00535683	0.00898361	1
10381	10381	0.030014	-0.0122679	0.0203349	-0.0375416	0.0459858	0.0582511	1
10383	10383	-0.0160897	0.0223118	-0.0463249	-0.0145368	0.0144082	-0.0145751	0
10384	10384	0.0249891	0.00177352	-0.0180413	-0.00873101	0.0213638	-0.00293266	1
1039	1039	0.0278933	0.00555729	-0.0128644	0.0269651	0.0368083	-0.00163594	0
10408	10408	0.0106184	-0.0483942	0.00425894	-0.00677988	-0.0432296	0.0256007	1
1041	1041	0.0152933	0.0169013	-0.0215872	0.0333235	0.0220881	0.00568979	1
1047	1047	-0.00976161	0.0222789	-0.0392843	-0.0130154	0.000726322	-0.0090521	0
10489	10489	0.00305476	-0.13531	-0.0101042	-0.0192671	-0.0261346	0.0242328	0
10490	10490	0.000651121	0.0285877	0.0139372	-0.0055175	-0.0229081	0.0206004	1
10492	10492	0.0182276	-0.0376402	0.0296472	-0.0178562	-0.0750118	0.0658677	1
10530	10530	0.0131186	-0.0173713	0.0514953	0.0419006	0.0237436	-0.0488056	0
10542	10542	-0.00179244	-0.0544018	-0.00813748	-0.0431602	0.00345503	0.00619573	1
10544	10544	-0.0309532	0.00362016	-0.0133643	0.0340083	-0.0163886	-0.00375815	0
10572	10572	0.000946957	0.00946144	0.103507	0.00471428	0.0629012	-0.0227329	1
1058	1058	0.0150935	-0.00247428	0.023834	0.0218029	-0.0326683	0.0403452	1
10586	10586	0.00871652	0.0164955	0.0157242	0.0096487	0.0107374	-0.0419623	0
1060	1060	0.00185309	-0.0282643	-0.0180469	0.0389666	-0.00584139	0.0031102	0
10635	10635	0.00366853	-0.0138842	0.0106989	0.0395622	0.0348932	0.018476	1
10653	10653	0.0142495	-0.0280933	0.00967885	0.029833	-0.00123064	0.0335327	1
1066	1066	0.00359148	0.00654981	-0.0291341	0.0248652	-0.000615075	-0.00975032	0
1071	1071	-0.0236522	-0.0499918	-0.0082772	0.0207886	-0.0565477	0.00431421	0
1075	1075	0.0100841	0.00567534	-0.0169173	-0.0228943	0.00500598	0.0265589	1
1077	1077	0.0148943	-0.0834802	-0.0145163	-0.0388515	-0.0115059	-0.013203	0
10773	10773	0.0284076	-0.0291376	-0.030069	-0.0407601	-0.0171274	0.0155806	0
10785	10785	0.0107167	0.00661336	0.00195856	0.00117655	-0.0178802	0.0718867	1
1079	1079	0.00928893	0.00305678	0.0113944	-0.0163643	-0.0293926	0.0234267	1
10790	10790	0.0180015	0.0266906	-0.0219591	-0.0109541	0.025497	0.000457603	0
1085	1085	0.0133345	-0.0209518	-0.0137045	-0.0371964	0.00364955	-0.0234801	0
10897	10897	0.0216869	0.0114074	-0.00834626	-0.00050232	0.023727	-0.0542571	1
1091	1091	0.0129916	0.0224449	0.0130588	0.034675	0.000339089	0.0180842	0
10962	10962	-0.00604715	0.00382318	-0.0152222	0.047888	0.0105704	-0.0608351	1
10984	10984	0.0110767	0.0391993	0.0132292	-0.0300797	0.0246647	0.0312857	0
11	11	-0.129244	-0.00666958	0.0662484	0.048801	0.046664	-0.015487	0
11012	11012	0.0225708	0.00264907	-0.0363008	-0.0321111	0.0291266	-0.0144343	1
11015	11015	0.00608711	0.00712372	0.0161126	-0.0232502	-0.00836969	0.0528596	1
1103	1103	0.0166246	0.0106861	-0.00169525	0.00260398	0.00905881	0.0140502	1
1104	1104	0.0149038	0.0126337	-0.0124918	0.000708491	0.0419557	-0.0294064	1
11053	11053	0.0201624	0.016059	0.0318257	0.031119	0.0429852	-0.0219292	0
11062	11062	0.0025652	0.0253034	0.000256966	0.0232852	-0.0105893	-0.00655454	1
11069	11069	0.00345271	-0.0754531	-0.0260537	0.0496815	0.0263851	-0.00965527	1
11076	11076	0.00687086	0.0422739	0.0195685	0.0177374	-0.00845298	-0.0119984	1
11082	11082	0.0127641	0.0197609	0.00269319	0.0291132	-0.00742013	-0.0153396	0
1114	1114	0.0157915	0.0214707	0.00662848	-0.0175011	0.0265714	-0.0143989	0
1121	1121	-0.00292912	0.00895407	0.00170891	-0.0175622	-0.0111126	0.0263801	1
1125	1125	0.0190395	0.0132809	0.033444	-0.0196675	-0.00302654	-0.0113094	0
1129	1129	-0.00761271	0.0295677	-0.0528257	0.00936479	0.0198068	-0.0110652	0
1131	1131	0.0307725	0.0195511	-0.0253433	0.00490698	0.0167271	0.0104262	1
1133	1133	0.0191213	-0.00997158	0.0149998	0.0225318	0.00938856	-0.0157897	0
1134	1134	0.0117082	0.019043	-0.0100318	-0.0111816	-0.00374364	0.00158329	1
11377	11377	0.00487586	-0.0368049	0.0575926	0.0732252	0.0109162	0.0539185	0
11393	11393	0.0162052	0.0397258	0.0293813	0.0227925	0.00486344	0.0154978	1
11396	11396	-0.0324851	0.00661451	-0.0196313	-0.00388335	0.00423501	0.0475407	1
11397	11397	0.0352404	0.000641593	0.00192899	-0.00763663	-0.0263393	-0.031623	1
1142	1142	-0.00720532	0.00847166	-0.0159447	-0.021747	0.0153068	-0.0236251	1
11458	11458	0.00690199	-0.0380828	-0.0276787	0.0138305	-0.00756781	0.0679483	1
11462	11462	0.0139352	-0.00516688	0.0395689	-0.0494885	0.0338475	0.0268739	1
11493	11493	0.00615108	0.0193408	-0.0158117	0.00416939	0.030909	-0.0302986	1
11502	11502	0.022508	0.0140438	0.00357538	0.0559509	0.00960499	0.0612275	1
11526	11526	0.013247	0.0189468	-0.00388226	-0.0254005	0.0260514	-0.0770803	1
11528	11528	0.0146815	0.00913186	0.00386871	-0.0103567	0.0159696	0.0122183	0
11531	11531	0.0210188	-0.0166713	0.0316094	-0.0196596	0.0451917	0.00570432	0
11548	11548	0.00772203	-0.0510361	-0.0211896	0.0122234	0.0266958	0.0172667	1
11557	11557	0.0106417	0.0185011	0.42553	-0.187665	-0.25526	-0.036796	1
11562	11562	0.0128005	0.0496272	-0.0212533	-0.0447449	0.02225	0.0767206	0
11584	11584	0.014659	0.00662194	-0.0021754	0.0420645	0.0208877	0.0926205	1
11585	11585	0.0168206	0.0252702	0.40736	-0.182983	-0.264649	-0.0129289	1
1163	1163	0.0130572	0.0238402	0.0359037	-0.0270171	-0.00964063	-0.0359623	0
11643	11643	0.000124279	0.00985216	0.0249936	0.0097213	0.0267519	0.00590613	0
1165	1165	0.0158111	0.0329053	0.0152513	0.0203994	0.0278322	-0.0492414	1
11700	11700	0.0105906	0.0244815	0.0626963	0.00627213	0.00707563	0.0391741	0
11753	11753	0.01017	0.045703	0.00648845	0.0208537	0.00803958	0.0606535	0
1177	1177	0.00360574	-0.0105094	0.00383925	-0.0128833	0.0034522	0.00416221	0
11790	11790	-0.0671606	-0.0166045	0.0106107	-0.00654415	0.0352309	0.0151943	1
11795	11795	0.00320559	-0.0113883	0.0529463	0.0169199	-0.0258931	0.0296561	1
118	118	0.0102388	0.0082168	0.0232	0.0187042	-0.0364465	0.0854231	0
11828	11828	0.0134576	-0.0763667	-0.0196841	-0.036239	0.0256518	0.0668002	1
1190	1190	0.00513091	0.0298678	-0.00533818	-0.0107316	0.0115698	-0.00605061	1
1196	1196	0.0133011	0.0193766	0.0146475	0.0418842	0.000168652	0.0306375	0
1209	1209	0.0110968	-0.00220531	0.0196083	0.00716426	-0.0158133	0.00813064	1
1214	1214	-0.0204877	-0.044631	-0.000493509	0.00900888	0.00460953	0.0056095	0
1221	1221	0.028158	-0.0439793	-0.0106646	-0.0197388	-0.019682	-0.0145755	0
1227	1227	0.0122217	0.00777383	-0.00166491	-0.00767721	0.0302821	0.0154001	0
123	123	0.0140928	0.0147587	0.00714581	-0.00259576	0.0128688	-0.00012801	0
1233	1233	0.00331043	-0.0193386	-0.0470693	-0.00133544	0.0182606	-0.000739191	1
1235	1235	0.004885	-0.000405722	-0.0153514	-0.0080456	-0.00752935	0.0100922	1
124	124	0.0129652	-0.00644635	4.32749e-05	0.000492235	-0.0139764	0.00699489	1
126	126	-0.0522355	0.0355686	-0.0604447	-0.0235367	-0.065622	0.0141031	0
1275	1275	0.012846	0.0178323	0.0315343	0.00948824	0.00460182	0.00549141	0
1281	1281	7.73357e-05	0.00348264	0.0207371	0.0104757	-0.0321868	0.0202278	0
1288	1288	0.0143229	0.0207812	-0.00702956	-0.0119488	0.045404	-0.00471933	1
1290	1290	-0.0456705	0.0264125	-0.0394778	0.0281965	-0.00751686	0.00265561	0
13	13	-0.026096	-0.0450849	-0.0101415	-0.00661085	-0.0191282	-0.016681	0
1312	1312	0.0218894	0.0217211	0.0192938	-0.0323529	-0.0238295	-0.00690582	0
1325	1325	-0.0151326	-0.00542652	-0.0016866	-0.0175232	0.0160613	-0.0408492	1
1341	1341	0.00997797	0.0216615	0.0238712	0.0012663	0.00698266	0.0161534	1
1342	1342	0.0267508	-0.00282268	0.00783281	0.0357673	0.0118029	-0.0118407	0
1366	1366	0.0114357	0.0057731	-0.00350782	0.000636337	0.0128509	0.0252731	1
1374	1374	0.0146035	-0.0492307	-0.012358	-0.0360396	-0.0333859	-0.017925	1
1379	1379	0.0206486	-0.0348481	-0.00181697	-0.0271895	0.0296894	-0.015543	1
1382	1382	-0.0462516	0.0320232	-0.0243658	-0.0192329	-0.044857	-0.025185	1
1384	1384	0.000619431	-0.0136926	0.0015721	-0.013613	-0.0109014	0.0066916	0
1392	1392	0.011595	0.0296997	0.0402745	-0.00260753	-0.0052937	0.0195962	1
14	14	0.00987623	0.0344521	0.0509786	0.00530135	0.0263344	0.00885982	1
1401	1401	-0.0236155	0.0062117	0.0138324	0.00951079	-0.0508945	0.0089895	0
1404	1404	0.016585	0.00592405	0.0217198	0.0109996	-0.0190899	-0.0199881	0
141	141	0.0144244	0.0174217	0.000902587	-0.0162596	0.00104467	-0.00184388	0
1412	1412	0.0184429	0.0192914	-0.00377936	-0.0230857	0.0290267	0.0145614	1
1414	1414	-0.0571549	0.0197874	-0.0333614	0.0188587	-0.0768594	-0.0372086	0
1420	1420	-0.0398351	0.0256128	-0.0494742	-0.0193545	-0.058522	-0.0166203	0
1430	1430	0.0127654	-0.115262	0.0076252	-0.00660023	-0.0333759	0.0369324	0
1432	1432	0.0127821	0.00441295	0.00540355	-0.017291	-0.00669772	0.0138902	0
1440	1440	0.018334	0.00796615	-0.00894189	0.0123178	-0.0347849	-0.0107872	1
1442	1442	0.0101119	0.00522549	0.0215648	0.00367321	-0.025007	-0.0158667	0
1445	1445	0.0160253	0.0303172	0.0226319	0.0072671	0.0266361	0.0173739	1
1446	1446	0.0150232	0.00485454	0.0235647	0.00749043	-0.000893237	-0.0297254	0
1447	1447	0.00891922	0.00719491	-0.0093377	-0.00289987	-0.00801191	-0.00993178	1
1459	1459	0.0133374	-0.00260443	-0.00380476	0.0167411	0.00117643	-0.000253322	1
1462	1462	-0.116378	0.00169734	0.000346212	0.0115094	0.0206096	0.0402095	1
1465	1465	0.00695495	-0.0102198	-0.014935	-0.00789623	0.00107791	-0.00830161	1
1466	1466	0.0164806	0.0136046	-0.0250816	0.0180342	0.00574802	-0.0126663	0
1467	1467	0.0286356	-0.141463	-0.00144135	-0.0270024	0.00584781	0.0101372	0
1470	1470	-0.0534437	-0.00992426	0.0277366	0.0293949	-0.018716	0.0103826	0
1494	1494	0.0211239	0.00642753	0.00930678	-0.0154244	0.023772	0.0104194	0
1499	1499	0.0114607	0.0312342	0.0146827	0.00467619	0.0179	0.00664508	1
1503	1503	0.0136415	0.000984591	-0.00420864	0.00134576	0.00481932	0.0053802	1
1507	1507	0.0192268	0.0193806	0.0326812	-0.0572164	0.0129193	-0.00924183	0
1514	1514	0.0195146	0.0129733	0.0204952	0.0392956	-0.0180899	0.0479046	0
1515	1515	0.0142041	0.0133172	-0.00266613	0.00287322	0.00762657	-0.0153697	0
1521	1521	0.0180562	0.0129263	0.032773	-0.0137224	-0.000201563	0.0153794	0
1522	1522	0.0168492	-0.0129332	-0.00764813	-0.0144883	0.00378008	-0.000133427	0
1531	1531	0.0194231	0.0125511	-0.0178195	0.0216839	-0.0198261	-0.00303509	1
1537	1537	0.0150413	0.00418235	-0.0278401	0.011054	0.0380449	-0.0257441	0
1564	1564	-0.0802684	0.00394476	-0.0354662	-0.017317	-0.102427	-0.0248328	1
1565	1565	0.00345699	0.0425436	-0.0214749	0.010549	0.00663853	0.0237113	1
1568	1568	0.010099	0.0117856	0.00163755	-0.0116382	-0.0298905	0.0620852	1
1573	1573	0.0187239	-0.00206255	-0.00445907	0.0051521	0.0227134	-0.0201071	0
1578	1578	0.0115274	0.018462	-0.00936542	0.0307885	0.00461908	0.000161389	0
1588	1588	0.0185895	0.0102654	-0.00156657	0.0323919	0.0366521	-0.0407061	0
159	159	0.021429	0.0137345	-0.0184081	0.0204795	0.00614166	0.029632	1
16	16	0.0128806	-0.0208502	-0.000510553	-0.0015658	0.0150487	-0.0202498	0
1600	1600	0.0236188	0.00448216	0.0458572	-0.00473831	0.0152424	0.0342276	0
1610	1610	0.0205499	0.0227979	-0.0129038	0.0178488	0.00792944	0.00844074	1
1615	1615	0.0173708	0.0101006	0.0291465	0.0223304	-0.000337069	0.0214148	0
1623	1623	0.0151574	0.025246	0.0205227	0.0294841	0.0105402	-0.00307769	0
1626	1626	-0.0399966	0.000287137	0.012644	0.0207317	0.0120349	-0.00317842	1
1627	1627	0.00520473	0.0228212	0.0038461	-0.000396518	0.0053081	0.00452471	0
1631	1631	-0.00914859	0.00946424	-0.0188772	-0.00541538	-0.00789093	0.00436325	0
1641	1641	-0.129328	-0.0228824	0.0383827	-0.0259922	0.0424951	0.0265397	0
1653	1653	0.0109635	-0.000281154	0.013574	0.0402878	-0.00803534	0.0106163	1
1658	1658	0.000479983	-0.0431387	-0.0168703	-0.00744048	-0.00490763	0.0214089	0
1664	1664	0.00291425	0.0124514	-0.0110696	-0.000754643	-0.0233819	0.0147333	1
1668	1668	0.0101167	-0.112755	-0.0121006	-0.014743	-0.0197759	0.00545916	0
1669	1669	0.010024	0.0259157	-0.0240363	-0.0146622	0.027607	0.00599802	1
1685	1685	0.0228216	0.0106269	0.00601259	2.74163e-05	0.00843396	-0.0484573	1
1686	1686	0.0151596	0.00075176	-0.0128349	0.0261354	0.0215548	0.00650774	0
1697	1697	0.00288153	-0.0790805	-0.0152524	0.000533505	-0.00443187	0.0239413	1
1699	1699	-0.0210924	-0.085248	-0.00851283	-0.0317848	0.00530725	0.00782422	1
17	17	0.0270902	0.0410483	-0.000322604	0.0126679	0.0299416	-0.0190063	1
1702	1702	-0.00211224	0.00085421	0.0202833	0.0120462	-0.0358992	-0.0179686	0
1705	1705	0.0131288	0.0096529	0.016375	0.0408702	0.0151107	0.0320569	1
1707	1707	-0.0291023	0.0160321	-0.020747	0.00645222	-0.0560681	-0.0107957	0
1712	1712	0.0199365	0.00846232	-0.000594136	0.00376507	0.00555566	0.02213	1
1717	1717	-0.0132436	0.00495661	-0.00287864	-0.0192059	-0.00490108	-0.039658	0
1718	1718	0.0112093	0.0206508	-0.000216243	-0.022099	-0.0210323	0.0117518	0
1720	1720	0.0141777	0.00131213	0.022509	0.0213996	-0.0317375	0.0448945	0
1723	1723	-0.00482637	0.0274373	-0.0317874	-0.00854872	-0.0244091	0.0189084	0
1742	1742	0.0197609	0.0200041	-0.00815382	0.022385	0.028946	-0.0192864	1
1743	1743	0.00405026	0.00914904	0.0054434	-0.00584809	-0.0235487	0.0114125	1
1745	1745	0.0182593	0.00433894	0.01013	-0.00676337	0.00716059	0.0145469	0
175	175	-0.00784858	-0.076598	-0.00756253	0.00290384	-0.0143736	-0.0140794	0
1759	1759	0.00824251	0.0256432	0.00318934	0.0118538	-0.00574369	-0.00299023	1
1763	1763	0.00464753	0.0186594	-0.0341688	-0.00757161	0.00181467	0.0212311	0
1764	1764	0.0144518	0.00139815	0.0231567	0.0020348	-0.00551866	-0.0105292	0
177	177	0.0106957	0.0121073	-0.00691447	0.0100606	0.0071814	0.0109814	0
1776	1776	0.0132831	0.026492	0.0111781	0.0250409	-0.00588531	-0.0282239	0
1778	1778	-0.110213	-0.0168663	-0.0164276	-0.0319068	0.00157564	0.0167638	0
1784	1784	-0.0182562	0.0149955	0.00404631	-0.0276685	-0.060049	-0.00180176	0
1785	1785	0.0124946	0.0178925	0.0141588	0.0296742	-0.00721754	0.00371182	1
1788	1788	0.0192106	-0.11021	0.0096072	-0.00899945	-0.00413937	0.00190405	0
1790	1790	0.00103719	-0.012112	0.0244453	0.00896828	-0.0280456	0.0206514	0
180	180	0.0123044	-0.0112648	0.0288783	0.0212659	-0.0241502	0.0094984	0
1802	1802	0.0089436	0.00908737	0.0171701	0.0207332	0.0202972	0.0191561	0
1808	1808	-0.0376952	0.0327601	-0.0551052	-0.0415925	-0.0313922	-0.00753603	0
1810	1810	-0.0393991	0.00184799	0.00799549	0.00318793	-0.00596636	-0.00218128	0
1811	1811	0.0237695	-0.00142761	0.00906053	-0.00074198	-0.00253667	0.00246256	0
1813	1813	0.0210744	0.01801	-0.027596	-0.0229232	0.00124228	-0.0122424	0
1814	1814	0.0209224	0.0137059	0.0193154	0.00363118	0.0200612	-0.0248264	0
1815	1815	0.00538456	0.00399727	-0.00274228	0.0155312	-0.00490695	0.0523409	0
1822	1822	0.0184283	0.0116049	0.0118735	-0.0169111	-0.0132225	-0.0439486	1
1825	1825	0.0163608	0.0061441	-0.00402654	0.00291691	0.0223015	-0.0264842	0
1833	1833	0.014592	0.00238168	0.0071053	0.0120992	-0.00176349	0.00538715	1
1841	1841	0.0166796	0.0145994	-0.0242103	0.00990625	0.00822347	-0.0415149	0
1853	1853	0.00847849	0.00545505	-0.0360418	0.0263372	0.0265207	0.0014485	0
1858	1858	0.0115346	-0.00180795	-0.00235015	0.00466351	0.00480972	-0.0210856	1
187	187	0.0323247	0.00837841	0.0178299	0.00881385	-0.0238461	-0.00834973	0
1875	1875	0.0179894	0.0176355	0.012017	0.0154618	0.0191057	-0.00297388	1
1876	1876	0.00816208	0.032022	0.0224381	0.000802847	0.0147713	0.0225281	1
1887	1887	0.00322931	0.0163003	0.00146025	0.00581433	0.00504406	-0.0152459	0
1889	1889	-0.000192897	-0.0557168	-0.00320798	-0.00780797	0.0178429	-0.043028	0
189	189	0.0144144	-0.0103575	0.0150466	0.0242673	0.0112887	-0.00504843	1
1892	1892	0.0107678	-0.0123109	0.025235	0.0185342	-0.022016	-0.00107244	1
1901	1901	0.011965	0.0211293	0.0264189	0.0298461	0.00156424	-0.00726265	0
1902	1902	-0.0312539	0.00771056	-0.0479628	0.0103295	0.0117505	-0.0515579	0
1903	1903	0.0173241	-0.0127379	0.0230679	0.0231607	0.00814858	-0.0238409	1
1904	1904	0.010515	0.0120668	-0.00648111	0.00117995	-0.0152339	-0.0144665	0
1958	1958	0.0100482	-0.0151947	-0.0101662	0.0104486	-0.0194324	0.0340489	0
1963	1963	-0.155477	0.00281044	0.0354605	0.000839743	0.0452801	0.029137	0
1968	1968	0.00743318	0.0306019	-0.0256122	-0.0119786	-0.0246092	-0.0139893	1
1970	1970	0.0202239	-0.0199784	0.00393411	-0.05353	-0.0162816	-0.0137254	1
1975	1975	-0.00642275	-0.00507291	-0.0138861	0.00103778	-0.0337787	-0.0183225	0
1980	1980	0.0171188	0.00202636	0.0022566	-0.00226721	-0.00241005	0.0151781	0
1984	1984	0.0136541	0.00751392	-0.0309586	0.00543774	0.00969154	-0.0178305	1
1985	1985	0.0155316	0.000966037	-0.00929682	-0.00549407	-0.0122325	0.00618911	0
1991	1991	0.0060951	0.0154755	-0.00670821	0.020599	-0.0116405	-0.00417005	1
1992	1992	0.0160022	0.0115688	-0.00132647	0.0371427	0.0123741	0.0122745	1
1993	1993	0.0111188	0.0265506	0.0129966	0.0112436	0.00427332	0.0455668	0
1996	1996	0.00242176	0.0280852	0.00392729	-0.00336953	-0.0282169	-0.0107587	1
200	200	-0.00159235	-0.00864055	0.00422042	-0.000760456	0.0177442	0.0287902	0
2000	2000	0.0092922	0.0324335	-0.0226828	-0.00925625	0.00645615	0.0114879	1
2001	2001	0.0178302	0.0207666	-0.0100494	-0.0463739	-0.0044897	-0.0116381	0
2004	2004	0.0200335	0.0217119	0.0216517	0.0333023	0.0171547	-0.0107304	1
2006	2006	0.0143379	0.0324343	0.000895912	0.00273893	-0.00593898	-0.00087423	1
2008	2008	0.00861797	-0.0042451	-0.0356809	-0.00908522	-0.0157232	-0.0300829	1
2009	2009	0.0157267	0.0200114	0.0349093	-0.00243583	0.014649	0.00212146	1
2013	2013	0.0182343	0.0213269	0.00549503	0.016664	-0.00763522	0.000856228	0
202	202	0.0101165	0.0102778	-0.01093	0.00299812	0.0243944	-0.00798539	0
2022	2022	0.0124118	0.0164131	0.0100495	6.26404e-05	0.0132062	-0.0156918	1
2023	2023	0.000385656	0.00734871	0.0018417	-0.00768457	0.0132949	-0.0376025	1
2024	2024	0.00509013	-0.00646356	-0.0368425	0.0385687	-0.0243954	-0.00196826	0
2025	2025	0.00542134	0.00587625	-0.0265633	0.00973479	0.00913911	0.0180076	1
2030	2030	0.0096705	-0.00674125	0.00358813	-0.00779059	0.0078275	0.0284127	1
2034	2034	-0.0019812	0.00292622	0.00752521	-0.0116396	-0.0213186	-0.00795174	1
2039	2039	-0.00725017	0.00604012	0.00430248	-0.00773576	0.00669778	-0.00482894	0
204	204	-0.0313989	0.0170342	-0.0575122	0.034088	-0.014688	-0.00658691	0
2042	2042	0.0180264	0.0197185	0.015828	0.00533479	0.00334041	0.0041947	0
2048	2048	0.0198568	0.0267455	0.00802358	-0.0127545	0.000332077	0.0336619	1
2050	2050	0.00671833	0.0152033	-0.000471877	-0.0183055	0.0078775	-0.00995082	1
2052	2052	0.0102552	0.0151293	-0.00778055	0.0175842	0.00340155	-0.00659855	1
2055	2055	0.00832334	0.0176059	-0.03268	-0.00298015	0.0107346	0.0646871	1
2056	2056	0.0158129	0.000665933	-0.018664	-0.0113452	0.0103075	-0.011665	0
2064	2064	0.0210652	0.0269675	0.0216332	0.0117014	-0.0326911	0.0157677	1
207	207	-0.105077	-0.00408849	0.0454894	0.0345021	0.0788023	0.0175944	0
2074	2074	0.0230821	0.0142539	0.0115797	-0.0285511	-0.0118209	0.0109168	0
2076	2076	0.00881078	0.0165411	-0.0131133	-0.00574914	-0.00887821	-0.00568989	0
2077	2077	0.00542587	-0.0061177	0.0363159	-0.00155637	0.00490886	-0.0354063	0
2080	2080	-0.0268005	-0.079189	0.00967152	0.000837476	0.0403948	0.002649	0
2083	2083	0.0126525	0.0187687	-0.0244431	-0.00525496	-0.0366324	-0.0377908	1
2090	2090	0.0021889	0.00833233	-0.0281112	0.0328323	-0.00101548	0.0346824	1
2096	2096	0.0136787	0.040131	0.0261751	0.00505385	-0.00395436	0.00580799	1
2099	2099	0.0106242	0.0212325	0.0248179	0.0139907	0.0296387	0.0144857	1
210	210	0.0039911	-0.0106489	-0.00363994	0.0289014	0.0736195	-0.0538325	0
2116	2116	0.0119803	0.00360422	0.0289334	0.0113966	0.00419168	0.0045184	1
215	215	0.0221212	-0.0186861	0.00920068	-0.0115722	0.0228414	0.00149222	0
2151	2151	0.0278381	-0.0048536	0.0319424	0.0270107	0.0160528	0.0365083	0
2158	2158	0.0131381	-0.00307737	-0.0012572	-0.00156305	0.0143555	0.00784078	1
216	216	0.0143775	0.00984429	0.00200432	-0.0243925	0.0138707	-0.00388941	0
2162	2162	0.00430456	-0.0330166	-0.0166917	0.000913781	-0.0264561	0.0174589	0
2166	2166	0.0127704	-0.0145431	0.0180337	-0.00869917	0.0241733	0.00930825	1
2177	2177	-0.00226802	0.0126993	-0.0102032	-0.00141958	-0.0259788	-0.0501518	0
2183	2183	0.00942087	0.0186554	0.0252136	0.011306	-0.0221885	0.0361161	0
22	22	0.0178163	-0.0104159	-0.0283818	0.0130823	-0.00962633	0.00330869	0
2202	2202	0.0162941	0.00895997	-0.000252412	0.0231262	0.0234147	0.0230148	1
2212	2212	0.021343	0.0148227	0.0263956	0.014686	0.02035	0.0489016	0
2214	2214	0.0193794	0.0166931	0.00831647	-0.038197	0.00657954	-0.0152322	0
2217	2217	0.0101155	0.0120582	0.0157545	0.0116806	0.0333504	-0.030161	0
2238	2238	-0.000313458	0.0093597	0.0198879	-0.00184314	-0.0159799	-0.00217979	0
2249	2249	-0.0547271	-0.00175821	0.010643	0.0219814	0.0596825	0.0085458	0
2274	2274	-0.0281022	-0.00960631	-0.0899981	-0.0144879	-0.0160218	0.0692531	0
2276	2276	0.00844689	0.0288767	-0.0211291	0.0158152	0.0341828	-0.0134906	1
2278	2278	0.0077671	0.0182513	-0.0144074	0.0215285	-0.0147959	-0.00281801	1
2288	2288	0.00916955	0.00684069	-0.0215116	-0.00428344	0.0217387	0.0483287	0
2291	2291	0.0152576	0.0162789	0.0103165	0.0121212	-0.0153341	-0.0192678	0
2307	2307	0.0106539	-0.00386334	0.00493729	0.018919	0.00530341	0.0147578	1
2314	2314	-0.0230913	0.0182977	-0.00252025	-0.0213411	-0.00333081	-0.0394156	1
2329	2329	0.0320452	-0.0374678	0.0164962	0.0304377	-0.00225147	0.00965162	1
2334	2334	0.00776254	0.0132192	0.0237138	-0.0255822	0.0141089	0.0145269	0
2339	2339	0.0210931	0.0261306	0.0252569	0.00950099	0.0180979	-0.0110059	1
2350	2350	-0.0430692	-0.0390637	-0.0177528	0.00249293	-0.0563803	-0.00575414	0
2356	2356	0.0124543	0.0120681	0.0157864	-0.0174128	-0.0312346	-0.00391197	1
2361	2361	-0.00907945	-0.0124412	0.000379461	0.0123565	-0.00167314	0.0277095	1
2362	2362	0.0176159	-0.1177	-0.0314869	-0.0151043	0.0434917	-0.0259091	0
2367	2367	0.00994672	-0.0279744	-0.00032777	0.0171156	-0.0331752	-0.00446743	0
2371	2371	0.00812416	0.0164544	-0.0220751	0.000114335	-0.0100913	0.0157056	0
2385	2385	0.0111615	0.0301277	-0.0277248	-0.00449181	0.0207669	-0.0232964	0
2402	2402	0.00691937	-0.0371253	0.0158345	0.0263045	0.00692297	0.000436181	0
241	241	-0.0199841	0.0228868	-0.047461	-0.0197886	-0.0235144	0.0274195	0
2412	2412	-0.00656469	0.0128371	0.017707	0.0289705	0.00786971	-0.00196037	1
2421	2421	0.0279229	-0.13141	-0.0076836	-0.00312138	-0.00728166	-0.0243359	0
2453	2453	0.0200432	0.000816941	-0.00513307	-0.0155667	0.0108503	0.0098063	1
2454	2454	0.013059	-0.0555225	-0.0335705	-0.0119659	-0.0201096	0.0588312	1
2455	2455	0.00306913	0.00868314	-0.0213411	0.0153823	-0.0334032	0.0255536	1
2456	2456	0.0201384	0.0376343	0.000585113	-0.0251825	0.0233999	0.0275695	0
2457	2457	-0.00426844	-0.0569622	-0.0365917	-0.0268558	0.000249436	-0.0346751	0
2498	2498	0.0110679	-0.00144579	0.0240885	-0.00125452	0.0157351	0.00396794	0
251	251	-0.0415882	-0.057801	0.0207604	-0.0259434	-0.000372916	0.028608	1
2510	2510	0.0136587	0.0177969	-0.0402691	-0.0034288	0.0321101	0.0150151	0
2512	2512	0.0121654	0.00675327	0.0370868	0.0143968	-0.00241529	0.0248575	1
2516	2516	0.0108797	0.0179064	0.00387017	0.00809017	0.00403141	0.0429326	1
252	252	-0.0223786	0.0175522	-0.0312981	0.00546383	-0.0023255	-0.00464335	0
253	253	0.00372245	-0.0421003	-0.0103225	0.00347406	-0.0143091	-0.00533484	0
2542	2542	-0.0446409	0.0263931	-0.045968	0.0041322	-0.0176492	-0.00834848	0
2554	2554	0.0108513	-0.00699152	-0.00110924	0.0193461	0.0272459	0.00712428	1
2557	2557	0.01219	0.0267531	-0.00653507	-0.00592216	-0.0133242	-0.0265163	0
2558	2558	0.0250863	0.018796	-0.012524	-0.0367718	0.0113459	0.0187023	1
2568	2568	0.0113123	0.0165981	-0.0241473	-0.032841	0.0066192	0.0167997	0
2576	2576	-0.0962645	-0.00773721	0.0218128	0.0249176	0.0495581	0.0346281	1
26	26	0.0219581	-0.0108009	0.0397897	-0.0437945	-0.0105252	0.0755961	0
2633	2633	0.019041	0.0202234	0.0104418	-0.00622166	0.0446065	0.0120633	0
2635	2635	0.00944489	0.0123781	-0.0102164	-0.0035495	-0.0285303	-0.032424	1
2648	2648	0.00848134	0.0287225	0.00407866	-0.00360575	-0.024551	-0.0116788	1
266	266	0.013114	-0.0201036	0.0216241	0.00571073	-0.00662981	-0.025008	0
2660	2660	0.0221188	0.0169948	-0.0117613	0.0143702	0.00716498	0.0101237	0
2676	2676	0.017938	0.0221398	0.0131971	0.00821529	0.000389172	0.0572579	0
2677	2677	0.0102821	-0.00314286	-0.00179037	-0.00131661	0.0127138	-0.00452702	0
268	268	-0.0154948	0.026968	0.00363351	0.00148844	-0.0318716	0.0240299	1
2681	2681	-0.00744747	-0.00582809	-0.00359938	0.00416061	-0.00473015	-0.0277538	1
2687	2687	0.011223	-0.0022654	-0.00172839	-0.00829267	0.0376443	-0.0226038	0
2692	2692	0.0123414	-0.00258768	0.00374612	-0.0122975	0.0169823	0.0104821	0
2702	2702	0.00993682	-0.00386015	-0.0288835	-0.037966	-0.0061436	-0.000664955	0
2718	2718	0.014865	-0.0500307	-0.00810718	-0.0131726	-0.00107849	0.0658179	0
2720	2720	-0.00729432	0.0340803	-0.0102731	-0.0367231	0.0130746	-0.0169075	1
2739	2739	0.00437785	0.0101748	-0.000315351	0.0248192	0.0290773	-0.00761335	1
2740	2740	0.00877785	0.0219209	0.000359768	0.00345043	-0.00316491	0.0225849	0
2751	2751	0.0118864	0.0417373	0.0164956	-0.00410924	-0.0283281	0.0344395	0
2755	2755	0.0145073	0.00240564	0.0416517	0.0202898	-0.0116772	0.0213312	1
2759	2759	0.0132193	0.00648957	0.0385117	0.0134945	0.0156899	-0.0495477	0
276	276	-0.028133	0.0126468	-0.0295566	0.00281962	-0.0240131	0.00834008	0
2764	2764	-0.0179719	0.00432389	0.0144618	0.000846904	-0.0206845	0.00241901	0
279	279	0.00846504	0.0102954	0.00325763	0.0182243	0.00699004	-0.000745144	1
2794	2794	-0.139905	-0.0131942	0.0428296	-0.0136897	0.0842706	0.0162222	0
2797	2797	0.00722568	0.015836	0.0013338	-0.0293101	0.0131391	-0.0101967	0
2826	2826	0.00943021	0.022244	0.00857327	0.0367875	0.0409884	-0.00223856	0
2841	2841	-0.0104647	0.0279169	0.0350316	0.0274953	-0.0108137	0.0186144	1
2849	2849	-0.0593395	-0.0243886	-0.0556735	0.0109187	-0.0336806	-0.0111479	0
285	285	0.0147517	0.0261235	-0.00344189	0.00118986	0.00576521	-0.0125093	0
2858	2858	0.0254522	-0.00315913	0.0277514	0.0116841	0.0305354	-0.0586685	1
2860	2860	0.00708485	-0.0171903	-0.0168787	0.0220344	0.012454	-0.000479196	0
287	287	-0.122132	0.00851164	-0.0850088	-0.00135599	-0.0471406	-0.036243	0
2874	2874	0.00856845	0.0055197	0.00590942	-0.0363198	0.0080682	0.000948994	0
2881	2881	0.0202768	0.00349152	-0.0118883	0.00371434	-0.00367103	-0.0348126	0
2886	2886	0.0144965	-0.0248952	0.00564393	0.012915	-0.0173617	-0.0409125	1
2890	2890	0.011641	-0.0133612	0.0124013	0.0143137	-0.00428665	0.0333637	0
2891	2891	-0.0241476	0.0332827	-0.0332882	0.0121937	-0.00943271	-0.0327464	0
2898	2898	-0.000200543	0.0176974	-0.017183	-0.040814	0.0119109	0.00590956	1
2901	2901	-0.135644	-0.00831307	0.0581802	0.00823114	0.0562896	0.00867278	0
2907	2907	-0.0129107	0.0146114	-0.0100371	0.00906983	-0.0232361	-0.226042	0
2920	2920	-0.0222632	-0.0219981	0.00645252	-0.0289589	0.0137891	0.0022391	0
295	295	0.0042491	0.00570816	-0.000309432	-0.0292154	0.0460808	-0.0237681	0
2958	2958	0.0096296	-0.00150589	0.0188945	-0.0113266	0.00756913	-0.0577379	1
296	296	0.0194054	0.025785	-0.0190942	0.00966776	0.0049134	0.0230946	0
2964	2964	0.0166409	-0.00507741	0.0169734	0.0212297	0.0166839	0.0193248	1
2969	2969	0.0199519	0.0180941	-0.0292379	-0.0038055	-0.0124533	0.0407746	1
2980	2980	-0.125329	-0.00738848	0.0482419	-0.0123995	0.0442996	-0.0442176	0
2990	2990	-0.0110503	0.025378	-0.00635492	0.00445583	-0.00141637	-0.0356431	0
2998	2998	0.0128648	-0.0354966	0.00961618	-0.00887483	0.0124886	0.00524326	0
3004	3004	-0.130465	-0.00310475	0.0309792	0.0130447	0.0358272	0.00916981	0
3018	3018	0.0101727	0.00932089	-0.0220032	-0.0180083	-0.0130436	0.00553245	0
3034	3034	0.00957651	-0.017639	-0.0150898	-0.0125137	-0.00940932	0.0221073	1
3046	3046	-0.00623322	-0.0066976	-0.0148921	-0.032707	0.0056752	0.0135224	1
3069	3069	0.0240883	0.000829518	0.0228301	-0.0249335	0.000896494	0.0098455	0
3078	3078	0.00993737	0.0256926	-0.00875352	0.0242349	-0.00130827	0.0188196	0
3080	3080	-0.0309631	-0.00126479	0.00214219	0.0100049	0.0714588	0.0102542	1
3090	3090	0.0200922	-0.0109836	0.0189699	-0.00864158	-0.00155268	0.0224017	1
3104	3104	-0.0533257	-0.000441034	-0.0105868	0.00605349	0.0437191	0.0123097	1
311	311	-0.0421753	0.0417462	0.0158827	0.00736077	-0.0742752	-0.00574237	1
3111	3111	0.0132055	0.00815373	0.000778184	-0.0370875	0.021558	0.0211249	1
3113	3113	0.013273	0.0142374	0.0155326	-0.00152441	-0.0067154	-0.0167919	1
3129	3129	0.00854743	-0.0210633	-0.00285992	-0.024512	-0.0139997	0.0731924	1
3130	3130	-0.0242891	-0.0630156	-0.0394778	0.0118664	-0.0977556	0.0363999	0
3137	3137	-0.0479955	-0.00374134	-0.0142342	-0.00585752	-0.0056493	0.00139799	1
3140	3140	-0.00101351	-0.0829897	-0.00325691	0.00972577	-0.0216495	-0.0497719	1
3145	3145	0.00673286	0.0128547	-0.00426166	-0.0122513	0.00085741	-0.000950768	1
3158	3158	-0.00951901	0.0110238	0.0293583	0.00574018	-0.0209274	-0.000931063	1
3167	3167	0.00341082	0.00760774	-0.00211477	-0.0182785	-0.0416488	-0.0388047	0
3176	3176	0.0212272	0.0201641	0.00281268	-0.0141827	-0.0219922	0.0150756	1
3179	3179	0.0249924	0.0258551	0.0141068	-0.0205349	-0.00454902	0.0373256	1
319	319	-0.0610764	0.0160234	0.0464312	-0.0387024	0.039634	-0.0256891	1
3193	3193	-0.127123	-0.0337884	0.0669099	-0.0265762	0.0435303	-0.00572942	1
3196	3196	-0.0475442	0.0225586	-0.0174175	-0.0204352	-0.0387127	-0.0267948	1
3197	3197	-0.00122358	0.00215353	0.00353911	0.0184649	-0.013689	0.0214166	0
3206	3206	0.0112171	0.00630681	0.00152797	0.0123942	0.0260221	0.019682	0
3211	3211	-0.00649533	0.0179889	-0.0317234	0.00013373	0.00970001	0.0370887	0
3216	3216	0.0188482	0.0140082	0.00895787	-0.0140415	0.00325701	0.018841	1
3227	3227	0.0285157	-0.00142709	-0.0108219	-0.0243347	0.0503782	0.00313736	0
323	323	-0.0540352	-0.013784	0.0141456	0.012504	-0.0078792	0.0356351	0
3244	3244	0.00528314	0.019696	-0.00747592	-0.015296	-0.0137951	-0.0174559	1
3248	3248	0.000740207	-0.0119354	-0.00719263	0.00469935	-0.0183806	0.00470931	1
325	325	-0.0437215	0.0238328	-0.00377158	0.0237654	-0.0436389	-0.0226952	0
3257	3257	-0.00724024	-0.0129968	-0.0259499	0.0175961	-0.00544421	-0.0227244	0
3265	3265	0.0198087	-0.00188776	-0.0348186	0.00516495	0.0441269	0.0300675	0
3275	3275	0.00901292	-0.096445	-0.0438369	0.0279373	0.00204298	-0.0254192	0
328	328	-0.0394184	-0.0022374	-0.0407008	-0.017203	-0.0396366	0.015658	0
3280	3280	0.00487045	0.026753	-0.00372039	0.0133462	0.0282535	-0.0283028	1
3289	3289	0.0102702	-0.0167523	-0.0133883	0.0185026	0.0153924	-0.0250876	1
330	330	-0.0277107	0.0240685	-0.0191913	-0.0199322	-0.0219382	-0.0178123	0
3304	3304	0.0115142	0.018291	0.00534188	0.0258979	0.0212598	0.0120844	0
3306	3306	-0.0149572	-0.00801971	-0.0068917	0.0140472	-0.00643035	-0.0210649	0
3320	3320	0.0154448	0.000692593	-0.0130601	0.00544155	0.034691	-0.0244268	1
3321	3321	-0.000684693	0.00729161	0.000242577	0.0040428	-0.0356997	0.00472068	1
3324	3324	-0.0144262	0.0182605	-0.027836	-0.00600199	-0.0193829	0.0117379	1
3326	3326	0.0199005	0.000654818	0.0140985	-0.00492863	0.0111445	0.0160764	1
3340	3340	-0.0014192	-0.0884789	-0.0203398	-0.0302241	-0.0169475	0.00242532	0
3341	3341	0.020273	0.0165695	-0.00611336	0.016716	-0.0229238	-0.0191113	1
3343	3343	0.0143598	0.0139924	0.0162993	-0.0116457	0.0244032	-0.0388212	1
3344	3344	0.0122691	0.0222761	0.0217708	0.0142875	0.0196581	-0.00416365	0
337	337	0.0169231	0.00226851	-7.36498e-05	-0.00692651	0.00506488	0.0272747	0
3381	3381	0.0247641	0.0068046	0.0188267	0.00499431	0.0242113	-0.0301606	0
3394	3394	-0.0836219	0.0075354	0.0160782	-0.0156122	0.000118077	0.00883704	0
3399	3399	-0.0771959	0.0212189	-0.0240097	0.0152212	-0.0326387	0.000944647	0
3404	3404	0.0134054	0.0108453	0.0118749	-0.0263349	0.011812	0.0123009	0
341	341	0.01894	0.0252893	0.0361682	-0.000178019	-0.00885541	-0.0111492	1
3415	3415	0.00250293	-0.00301327	-0.0123839	0.00595456	0.0334262	-0.00644933	0
3417	3417	0.020243	-0.137916	0.0193757	0.00760194	-0.0155124	0.00916728	0
3422	3422	0.0118459	-0.00317033	0.0099511	-0.00980703	0.0122049	0.014997	1
3449	3449	0.0223893	0.00872017	0.0108853	-0.0216747	-0.0168317	-0.0135621	1
345	345	0.00801024	0.00863592	0.00898178	0.0189225	0.0294746	-0.0347359	1
3454	3454	0.0161029	-0.106972	-0.0334411	-0.0438376	-0.0250882	0.0112328	0
347	347	0.0157254	0.000122587	0.0308178	-0.00624583	0.0201622	0.0169438	1
3478	3478	0.0204599	-0.110328	-0.0152265	0.00931157	-0.00858615	-0.0379914	1
3486	3486	-0.0196309	0.00524357	0.00586978	-0.00268247	0.00612651	-0.0147463	1
3489	3489	0.0272601	0.00565302	0.0117698	-0.0132528	0.0107292	0.00630386	1
349	349	0.0156365	-0.104303	-0.0228413	-0.0206494	0.0344986	-0.0401815	0
3494	3494	0.00168193	-0.0102396	0.0218364	0.0372724	-0.0245514	0.01093	0
3499	3499	0.0133001	0.0251785	-0.00260379	-0.00126777	-0.0067693	0.0228304	0
35	35	0.0214012	0.0351137	-0.0215642	-0.00447137	-0.0240097	0.0043325	0
3531	3531	0.0159528	7.87668e-05	-0.011429	0.0219835	-0.0125407	-0.0108003	1
3532	3532	0.0121708	0.0134652	0.0115431	0.0195179	0.00898983	-0.021405	1
3543	3543	0.00809736	-0.0527577	0.0112283	0.00280271	-0.00521081	0.00651265	0
3547	3547	0.00323374	0.00576235	-0.0276753	0.0145738	0.0120384	-0.0174809	1
3569	3569	0.0175584	0.0185281	0.00543373	-0.0148759	-0.0215326	0.00333335	0
3582	3582	0.015948	0.000332935	0.0063224	-0.00020987	-0.0430518	0.00138187	1
3598	3598	0.019867	0.0168031	0.0153691	-0.00561835	-0.000532464	-0.00175119	0
36	36	-0.0140869	-0.0350947	-0.0166663	0.0156768	-0.0427158	-0.0593851	0
3605	3605	-0.00128373	0.0139478	-0.011444	0.00822192	-0.0269427	-0.00413967	0
3611	3611	0.0223365	0.00575207	-0.0088528	-0.0207689	-0.0145681	-0.00195621	0
3622	3622	0.0293984	0.00224487	0.000354149	-0.0236959	0.00308906	-0.0446011	1
3625	3625	0.0172989	0.018971	-0.00786457	0.0438237	0.0152276	-0.0124843	1
363	363	0.00988291	-0.108879	0.0133438	-0.0254722	0.027037	-0.0248	0
3639	3639	0.0107385	0.0123686	0.0421982	-0.00153703	0.00928874	-0.0345369	1
3642	3642	0.0121565	0.0110414	0.0149689	0.00259316	0.020552	0.014896	0
3643	3643	0.0108083	0.00109521	0.0271165	0.0292173	-0.000601778	0.00976777	1
3644	3644	0.00929662	-0.0116323	0.0194713	0.0151366	0.0108031	-0.0226901	1
3655	3655	0.000971054	0.0249975	0.0164016	0.0196592	-0.00770736	0.0386471	0
366	366	0.0104391	0.0118694	0.00386086	-0.00205378	0.0279773	0.00719017	0
368	368	0.0167206	0.00401411	0.00758343	0.0304206	0.03598	-0.0150215	1
3682	3682	0.00120264	-0.0134904	-0.0215972	-0.0126056	0.02324	0.0186888	0
3689	3689	0.0133685	0.00273485	-0.00849921	-0.00762913	-0.0120234	0.0161699	1
3695	3695	0.0236754	0.00264693	-0.00460225	-0.0223621	0.0266194	-0.0520102	1
3724	3724	0.024255	-0.0323872	-0.0304923	0.00564918	-0.0123471	-0.00908242	1
3728	3728	-0.00108322	0.0011712	-0.00977446	-0.0137116	-0.00817664	0.0091387	0
3747	3747	0.0083017	0.0158988	-0.0162844	0.00696927	-0.0129146	0.0165699	1
3766	3766	0.012073	0.0203285	0.0115583	0.0257162	0.00533921	0.00105472	0
3777	3777	0.0162951	0.0249949	-0.0345308	0.0153595	-0.0133068	0.00334049	0
3780	3780	0.014463	0.0208239	0.0072066	-0.00971524	0.0137277	-0.0218167	1
3786	3786	0.0049697	-0.00212997	0.00288669	-0.00895327	0.0187982	0.0242956	0
3788	3788	0.018601	0.012252	7.39806e-05	0.0509539	0.00365255	0.0151675	1
38	38	-0.000920254	-0.00400928	-0.0182291	0.016177	0.0146307	-0.00160866	0
380	380	-0.0572779	0.0169871	-0.0619088	-0.0314351	-0.00614706	-0.0422296	0
3821	3821	0.00643108	-0.0224798	-0.0296857	0.000257891	0.00271066	-0.0171354	0
3834	3834	0.0147005	0.00674398	0.00467671	0.0168223	-0.0166634	-0.00953138	0
3835	3835	-0.007583	-0.0283942	-0.0056602	-0.0219329	-0.00792828	-0.0449564	1
3847	3847	0.0101587	0.0116131	-0.017248	-0.0208575	0.0064769	0.00354673	1
3853	3853	-0.00145775	0.00188796	-0.0167012	0.0253226	-0.0123435	0.0367727	0
3862	3862	0.0123461	0.031335	0.0129005	-0.00727324	-0.00971259	-0.0145761	0
3865	3865	0.0150752	-0.0116072	0.017606	-0.00268843	-0.00844014	0.0192124	1
3866	3866	0.0121653	0.0238998	0.0215669	-0.0196731	0.00417723	0.0158848	0
3881	3881	-0.000104422	0.00399939	-0.00427381	-0.0203954	0.00344104	-0.0328383	1
3882	3882	-0.00487659	-0.00140963	-0.0039631	-0.0072526	-0.0402423	0.0213816	0
3883	3883	0.0135916	0.01923	-0.0169929	0.022333	0.0240899	-0.00141349	1
3905	3905	0.00890057	0.00400726	-0.028635	0.00709404	0.0136596	-1.32449e-05	1
3908	3908	0.00538145	0.0101414	-0.00337069	-0.0166913	0.0187825	0.0244192	0
3913	3913	-0.0370922	0.0123031	-0.00649456	-0.0295914	0.00527753	0.000106159	1
3921	3921	0.0213369	0.00944369	0.0150961	-0.0381124	0.00503399	-0.00290934	1
3923	3923	0.0164112	0.0237172	-0.00227113	-0.0395606	0.0102621	0.0222643	1
3935	3935	0.0254341	-0.0229355	0.0244098	-0.016611	0.0276833	-0.00658279	0
3942	3942	0.0182659	0.0216675	0.0441792	0.0394615	0.0151372	0.0241844	0
3948	3948	-0.0258027	-0.00667847	0.0371833	0.0437572	0.0232372	0.00830351	0
3954	3954	0.0139348	0.00381982	0.0222473	-0.0166543	-0.00262181	0.00503349	1
3964	3964	0.0130555	0.0322342	-0.0207323	0.00633368	0.00496426	-0.0186002	0
3967	3967	0.0136365	-0.12608	-0.0454997	0.00683793	0.0282154	0.0227407	0
397	397	0.0180944	0.00235828	0.00531634	0.0331505	-0.0480933	-0.0107298	0
3979	3979	0.00449861	0.00613458	-0.00516348	0.0139352	0.00570044	-0.0309777	1
3988	3988	-0.0401088	-0.05142	-0.0387112	-0.00951974	-0.0398429	0.00761515	1
3990	3990	-0.0652831	0.0176968	-0.00921384	0.00489901	-0.0158767	-0.00628665	1
3992	3992	-0.0299505	-0.0575012	-0.0272304	-0.0110652	-0.04607	-0.0096011	0
4009	4009	0.0121993	0.0400316	-0.009018	0.00428557	0.0207119	-0.0208828	0
4018	4018	-0.00225721	-0.0848025	-0.0255724	-0.0428242	0.0187794	0.00966934	1
4029	4029	0.0024202	-0.00511078	0.0110168	-0.00348497	-0.0480966	0.0434235	0
4030	4030	0.0125337	0.0108779	-0.000203474	-0.00985603	0.033221	0.0860481	0
4032	4032	0.00229537	-0.012954	-0.020151	0.0153784	-0.0400512	0.00915909	0
4036	4036	0.00970755	0.0102645	0.0172	0.0175156	0.00602758	-0.0161286	0
4048	4048	0.00519619	0.00541224	-0.00532469	0.0203562	-0.000113527	0.016867	1
4055	4055	0.0170372	0.0234054	-0.00220199	-0.0135352	0.00112832	0.00902145	1
4056	4056	0.00930435	-0.111338	-0.0422125	-0.0339647	0.00664661	-0.0382702	0
4066	4066	-0.00491472	0.0108958	-0.0427895	0.00701651	0.0117081	-0.012341	0
4067	4067	0.0106288	0.00552934	-0.0122737	0.010949	0.018871	-0.00466179	1
4080	4080	0.0131072	0.00475951	0.0158853	0.0154237	0.0328013	-0.0173448	0
4084	4084	-0.00362388	0.0362962	0.0119598	-0.0104439	-0.00269174	-0.0120818	0
4095	4095	-0.0025711	0.00615732	-0.0172802	-0.00328663	-0.0416892	-0.00295405	1
4106	4106	0.0107844	0.015672	0.00163069	0.0245955	0.011637	0.00946326	1
411	411	0.00238055	0.0214561	-0.0164848	0.0334967	-0.00336705	0.0344802	0
4127	4127	-0.0463825	-0.0103244	0.00424536	0.0110073	-0.00496615	-0.0518642	1
4143	4143	0.0111808	0.0156994	0.0119809	-0.0214915	0.0255685	-0.0204952	0
4147	4147	0.0241309	0.0173691	0.00648358	-0.0284264	0.0252735	-0.00758409	1
4159	4159	0.0146501	-0.0247608	-0.00463009	-0.00478729	0.0088663	0.0467827	1
4173	4173	0.00570724	-0.0599766	-0.00692238	-0.0316149	0.0218826	0.00921839	0
4178	4178	0.0205893	0.0172854	-0.0304195	0.0025971	-0.00791869	0.0230662	0
4181	4181	0.0118995	0.0152621	-0.00793447	-0.00957507	0.00553585	0.00544294	0
4185	4185	-0.0206741	0.0178943	0.0038261	-0.0245863	0.00892088	-0.0135168	1
4194	4194	0.0218929	-0.00456866	-0.0288691	0.0234104	0.0247941	0.0252453	1
42	42	-0.00952525	0.00286331	-0.0618957	-0.0159078	-0.0203347	-0.0605939	0
420	420	-0.0125625	0.0120692	0.00110548	0.0349865	-0.00409416	-0.012855	0
4200	4200	0.0256854	0.00862627	0.010961	0.00832221	0.0352747	0.00403985	0
4212	4212	-0.0583594	-0.0734165	0.0443964	-0.0289015	0.053914	0.0154648	0
4215	4215	0.00853416	0.00393288	0.0432144	0.00606078	0.00523612	0.0504624	0
4230	4230	-0.125172	-0.0158885	0.0490224	-0.0118875	0.0589062	0.0239827	0
4240	4240	0.0167277	0.00482236	0.0144018	0.0133364	-0.00662859	-0.000615061	1
4245	4245	0.00683556	-0.114307	-0.0182543	-0.0223024	0.0159197	-0.00277353	1
4248	4248	0.0180915	-0.0170167	0.00845028	-0.0207532	0.0115489	-0.0332769	0
4251	4251	0.000841149	-0.0142974	0.0261149	0.0404234	-0.0319342	0.00797923	1
4258	4258	-0.0263009	0.0127566	-0.0101342	0.0309653	-0.0222541	0.0100733	0
4290	4290	-0.0320855	0.0252569	-0.0503597	0.000577616	-0.051945	0.00738207	0
4346	4346	-0.0614876	0.00309594	-0.00713124	-0.0349055	-0.0570187	-0.00198856	0
4356	4356	0.013854	-0.0125608	0.00897439	-0.00841933	-0.00806741	-0.0293508	1
4359	4359	0.0134967	-0.0427996	-0.00112524	0.0116806	0.0199776	-0.00735216	1
437	437	-0.0433968	-0.00167022	-0.0106435	-0.0229821	0.024369	-0.0132595	0
439	439	0.0127914	0.0183061	0.0192259	-0.0250567	-0.0172233	0.00120936	0
4399	4399	-0.0287583	-0.043707	-0.0538282	-0.015717	-0.00455114	0.00538229	1
441	441	0.022577	-0.00612472	0.0104845	0.000461859	0.0139682	0.00129154	0
4411	4411	0.021485	-0.00189064	0.000797167	0.00746353	0.0310819	-0.0038391	1
4441	4441	-0.00175913	0.00442702	0.0153375	-0.00511241	0.018071	-0.0332436	1
4463	4463	0.015547	0.0160421	0.0386648	0.0166162	0.0236786	-0.0651463	1
4482	4482	0.010996	0.00412821	0.0201158	0.0302864	-0.0129355	0.0169435	0
4498	4498	-0.0608816	-0.00373935	-0.0325628	0.0130874	-0.0655095	0.00406644	0
4499	4499	0.00836124	0.0223801	-0.00737184	0.0103582	0.0137814	-0.019166	1
4507	4507	0.00318328	-0.0104489	-0.00716683	0.0043682	-0.0287861	0.010162	0
4532	4532	0.000494302	0.00472137	0.0133739	0.0228717	-0.0353332	-0.054259	1
4539	4539	-0.0151712	0.00825128	-0.0322655	-0.0255809	-0.0247055	-0.00252355	0
4549	4549	0.00440418	0.0152077	-0.00645138	0.017984	-0.0166184	0.00287457	0
4569	4569	0.0172067	0.0043306	-0.00606786	-0.00701906	-0.00533611	0.0398496	0
4580	4580	-0.0112768	-0.0167739	0.00802914	0.00127973	-0.0359473	0.0337213	1
4594	4594	0.0175068	0.00320214	-0.002271	0.0294717	0.00639198	0.0503729	0
4605	4605	0.0069882	-0.000266334	-0.014776	0.021013	-0.0118254	0.0221637	0
4621	4621	0.00923998	-0.00646209	-0.00877571	0.0272522	0.00100763	0.0120069	0
463	463	0.0291493	-0.0874086	0.0302661	0.0187148	0.0238536	0.0599346	0
4632	4632	0.00067001	0.00213905	-0.00418694	-0.0174798	-0.0284472	0.00880411	1
4643	4643	-0.127385	-0.00755095	0.0304241	0.00137465	0.0128497	0.0101871	1
4646	4646	0.0154933	0.00593128	0.00487896	0.0367289	0.0200922	-0.0318703	1
4648	4648	-0.00562301	0.0118294	0.0267689	0.0139202	0.0187594	0.0293029	1
466	466	-0.000126	0.0234674	0.000883711	0.00649253	-0.0396826	0.0486967	0
4671	4671	-0.0109951	0.0229741	0.021868	-0.012527	-0.0375897	-0.00513109	0
4672	4672	-0.025429	0.0151386	0.00797743	-0.030759	-0.0408774	0.0179844	0
4679	4679	0.00970284	0.0201072	-0.016293	-0.0120416	-0.00441581	0.0306512	0
468	468	0.0160742	-0.000608725	0.00987927	-0.0028679	0.0168598	0.0126957	1
4680	4680	0.0151764	-0.0147958	0.0370546	0.00211437	0.0221091	-0.0776514	1
4693	4693	0.0186331	-0.0836353	0.0255422	0.0149957	-0.00999625	-0.0306463	1
4694	4694	0.0318807	-0.0627655	0.0163358	-0.00354345	-0.0196035	0.00660838	1
4695	4695	0.00720359	0.0169433	-0.0264713	-0.0219471	0.010749	0.00914984	0
4712	4712	-0.0372857	0.0145905	-0.0132661	-0.0252111	-0.00418646	0.0135131	0
4715	4715	-0.023257	0.0279482	-0.0190706	0.00433075	-0.0305317	-0.0373949	0
473	473	0.0386969	-0.0891868	0.0161789	-0.0205708	0.0468374	-0.00605437	0
4735	4735	0.0119444	0.00341079	0.0284986	-0.003618	-0.00658046	0.0149035	1
4756	4756	0.0102186	0.00246299	0.0129845	0.0154383	-0.00128605	-0.0126355	0
4784	4784	0.0255081	0.0210842	0.00978144	0.041858	-0.000762066	0.0321154	1
4797	4797	0.0141319	0.00169814	-0.00595017	-0.0275515	-0.0137857	-0.0225656	0
4801	4801	0.0120509	-0.0289668	-0.00186004	-0.0430868	-0.0333816	0.0249599	0
481	481	-0.0698619	-0.0120682	-0.0433434	-0.0171452	-0.0453458	-0.0238264	0
4814	4814	-0.00495668	0.00371728	-0.0296032	0.0170523	0.0203637	-0.0364404	1
4825	4825	0.0101899	-0.0466668	0.00895793	0.0126548	0.00364006	-0.0117924	0
4833	4833	0.00469854	-0.0198029	0.00920944	-0.00710836	-0.0432754	-0.0192928	0
4837	4837	-0.0019379	-0.0902541	-0.00696804	-0.0112788	-0.0185811	0.029321	0
4859	4859	-0.0597427	0.0336869	-0.0294119	-0.0360183	-0.0744741	0.0677664	0
4879	4879	0.0175656	0.00352498	-0.00319668	-0.0201266	0.01187	0.000764601	1
4888	4888	0.00837164	0.0200867	-0.0092543	-0.00401943	0.0126339	0.0181146	0
4895	4895	0.0100355	0.0304146	0.0258151	0.017488	0.00644337	-0.017983	1
4897	4897	0.0106961	0.0227347	0.0245644	-0.0160288	0.0585714	-0.0138923	0
4927	4927	-0.0168756	0.00551354	-0.00543897	0.00421209	-0.0185043	-0.0113525	0
4932	4932	0.00983528	-0.0264843	-0.00807248	0.0333947	0.00637272	0.0293441	1
4935	4935	0.0197239	0.0241507	0.013277	-0.0245763	0.0410958	0.0246929	0
4941	4941	-0.00678925	-0.00799922	-0.00176616	-0.0123197	0.0310934	-0.00125644	0
4943	4943	0.0161188	-0.0382354	-0.0114884	-0.0206291	0.0181191	0.00735709	1
495	495	0.024794	0.0133452	0.0407008	0.00889019	0.0162905	-0.00701801	1
4962	4962	-0.023281	-0.0896286	0.0299663	-0.037905	0.00441923	0.00441195	1
497	497	-0.0131993	0.0314519	-0.0205944	0.0326097	-0.0572226	-0.0077743	0
4983	4983	0.0102569	0.0258951	-0.00669074	-0.00820235	-0.0266972	0.0488464	0
4990	4990	0.00881326	0.00233065	0.0121234	-0.0160278	-0.0153227	0.0233324	1
4996	4996	0.0168927	0.021167	0.0153331	-0.00974876	-0.00261173	-0.0187399	1
4998	4998	0.0151839	0.0223479	0.0445718	-0.0182559	0.00203934	-0.00875671	1
4999	4999	0.00955769	-0.00212621	0.0163812	0.0337798	0.00050135	-0.00648206	1
500	500	-0.00851891	0.0292035	-0.0306227	-0.0116504	-0.0203849	0.0451139	0
502	502	-0.0505361	0.0306982	0.00488156	0.00702481	-0.0440502	-0.00731153	1
5027	5027	0.0095776	0.0103528	0.0538004	-1.84513e-05	0.0332182	-0.0478709	0
503	503	0.0184489	0.00235642	0.0314321	-0.0263353	0.0171059	-0.00518929	1
5041	5041	0.0284795	-0.00119954	-0.0320566	0.0366131	0.0118382	-0.0148423	0
5044	5044	0.0088211	0.0390773	-0.0168722	-0.0352169	0.0161104	0.0011882	1
5048	5048	0.0165709	0.035283	-0.0172891	-0.0426999	0.0074538	-0.0680522	1
5049	5049	-0.02713	0.0381784	-0.0531397	-0.0176405	-0.0110529	0.0073262	0
5073	5073	0.0173449	0.047084	0.0152577	-3.81793e-05	-0.027399	-0.0293638	1
5105	5105	0.012886	-0.0489619	-0.0201283	0.000182609	-0.00309024	0.0444191	1
5107	5107	-0.000546195	-0.0241036	0.0245299	-0.0138514	-0.037141	-0.0961983	1
5130	5130	0.0352457	-0.0211968	0.0151926	0.00909734	-0.00849715	-0.0246194	1
5144	5144	0.00803618	0.0166539	-0.00509674	-0.00951095	0.0209633	0.0270344	1
5145	5145	0.0272019	0.00886852	0.00949801	0.0107035	0.03317	0.0385307	1
5146	5146	0.00242367	-0.00945487	0.0358953	0.00147138	-0.0142888	-0.0144476	0
5154	5154	-0.00773498	-0.0311463	0.0193979	-0.00766677	-0.047244	0.0278236	0
5155	5155	0.0179244	-0.0529712	0.00438841	-0.0211721	0.000481999	-0.0230177	0
5164	5164	0.00577297	-0.000918167	-0.0116467	0.0408039	-0.0528706	0.00933901	0
5167	5167	0.0112793	0.0152249	0.0137767	0.0143206	-0.012871	0.0141226	1
5168	5168	0.0246668	-0.0206778	-0.0185986	0.0572474	-0.000400982	0.00808631	1
5172	5172	0.0123013	-0.0245637	-0.00244315	-0.00382773	0.0103409	-0.00596441	0
5182	5182	0.0272132	0.000652836	0.0141529	0.00206067	0.0189856	0.0358833	1
5190	5190	0.013661	0.0292674	-0.0010008	0.0692462	0.0125299	0.00632687	1
5207	5207	-0.015433	0.0208634	-0.0338493	0.0182052	-0.0383719	-0.0133865	0
5218	5218	-0.0586626	0.000725332	0.0308187	0.00747434	0.00556786	0.0369296	1
5221	5221	0.0217861	-0.00137349	-0.0205139	-0.0127123	0.0270875	-0.0544357	0
5223	5223	0.00665684	0.00628515	-0.008487	0.0252129	0.00189192	-0.0166724	0
5233	5233	0.0142604	0.00180681	0.0400549	0.0223598	0.027423	-0.00714673	1
5235	5235	-0.0555042	-0.00811689	0.0156696	-0.019022	0.0370484	0.0190004	0
5236	5236	0.015464	0.00593916	-0.00809986	0.00240455	0.0173509	0.00504522	1
5246	5246	0.00972247	0.0165788	0.012659	0.0201906	-0.0125241	0.0121739	0
5249	5249	0.0159124	-0.0020719	-0.0137107	-0.0189848	0.0105679	-0.0478112	1
5257	5257	0.0140075	-0.00200444	-0.0116082	-0.00694684	-0.00867877	-0.00476558	1
5263	5263	0.01408	-0.107549	-0.0138887	0.0152974	-0.019318	0.00687126	0
5273	5273	0.0214946	-0.0272496	-0.00899408	-0.0149936	-0.00645502	-0.0132799	0
5274	5274	-0.0902666	0.0154937	-0.0411623	-0.0251924	-0.0769698	0.0548517	0
5276	5276	0.0120376	0.0154694	0.00849355	0.0120467	0.0124982	-0.0393135	1
5284	5284	0.013419	0.00285686	0.00280501	0.00917134	0.0126576	0.0264241	1
5288	5288	0.00334617	0.0180779	0.00286252	0.0363973	0.00797321	0.00906542	1
5293	5293	-0.0506804	-0.0418271	-0.00541814	0.00628717	-0.0080139	-0.0413143	0
53	53	0.00497241	0.0309705	-0.0102703	0.00998927	0.000433714	0.00772639	0
5310	5310	0.0122645	-0.0480189	0.000719664	-0.0135547	0.0226905	0.0103593	1
5326	5326	0.0125689	0.0202205	0.0132272	0.0299695	0.0159082	-0.0464034	0
533	533	0.0237399	-0.0571899	-0.0125782	-0.0167342	-0.00734735	0.0119155	0
5332	5332	-0.0122606	-0.00292037	-0.00258966	8.17715e-05	-0.00360347	-0.00264896	0
5342	5342	0.0182674	0.0281655	0.0173514	-0.0209899	0.0350244	0.0257932	1
5351	5351	0.00880049	-0.0333858	0.0152238	0.0118832	-0.0329157	-0.041382	0
5359	5359	-0.00174948	0.0105309	0.0106148	-0.0332832	-0.0769665	0.0240814	1
539	539	-0.0141947	-0.0203116	0.00921305	-0.0171546	0.00813302	-0.0111971	1
5397	5397	-0.119093	-0.00762694	0.000589975	-0.0149837	0.0620938	0.0259112	1
5408	5408	0.0162313	0.00914792	0.0356504	0.0227098	-0.0317353	-0.0200376	1
5414	5414	-0.0154781	0.00565534	-0.0286226	0.0120651	-0.0162802	0.0261818	1
5425	5425	-0.0044985	-0.00966889	0.0187904	-0.0187102	-0.0266695	0.00548196	1
5432	5432	0.00832291	-0.0247989	-0.00633484	-0.0268197	-0.0225235	0.0229203	0
5442	5442	-0.0137703	0.0261728	-0.043472	-0.00101042	-0.0274653	-0.0269628	0
5443	5443	-0.00853878	-0.0140402	-0.0182584	0.0341557	-0.0167682	0.00913515	0
5447	5447	0.024851	-0.0340124	-0.0125984	-0.00388669	-0.00838993	0.0405853	0
5456	5456	-0.00942194	0.00841289	-0.0145354	0.00486831	0.000468825	0.02073	0
5460	5460	0.000203739	0.0246065	0.0237746	0.016425	0.000341192	0.0592715	1
5478	5478	0.0124571	-0.00550462	0.0411116	-0.0283299	-0.00781776	0.0168982	1
5487	5487	0.0385177	-0.0251101	-0.0304447	0.0263666	0.00871242	0.0528002	1
549	549	-0.0079174	0.00334655	-0.0155011	0.0344831	-0.050902	0.0095919	0
5490	5490	-0.0356946	0.0158944	-0.0176645	-0.00728578	-0.0205402	-0.0181446	0
5494	5494	0.00381226	0.00879586	0.00247441	0.030959	0.00908101	-0.0197047	1
5495	5495	0.0211703	-0.00978439	0.00322579	-0.00698694	-0.00365738	-0.0260637	0
55	55	0.0200422	0.023417	-0.0199764	0.00386581	0.0250092	-0.0122261	0
5501	5501	0.0150654	0.00598192	-0.00978054	-0.0101779	0.0021456	-0.0421641	0
5515	5515	-0.0177536	-0.01215	0.0351447	0.0314856	0.0335343	0.0321583	0
5531	5531	-0.0757784	0.00973412	-0.100663	-0.018533	-0.0960864	0.00434899	0
5536	5536	0.0160325	-0.00508372	-0.00343892	0.0318937	0.00273478	0.051724	1
554	554	0.0123925	-0.094458	0.018087	-0.00453421	-0.0446855	-0.0132099	0
5540	5540	-0.056586	0.0155588	0.0103155	-0.00688851	0.047779	-0.0147615	1
5545	5545	0.0177052	-0.0227935	-0.0155135	-0.000356522	0.0198021	-0.0179966	0
5557	5557	0.00206577	-0.0153406	0.0113516	0.0187794	-0.0161945	0.00268021	1
5568	5568	0.0137176	-0.0150748	0.0342344	-0.00874588	0.0228537	-0.00723185	1
5570	5570	0.00984202	-0.0359511	-0.0107464	0.0166659	-0.0154094	0.0346664	0
5581	5581	-0.00823424	0.0274932	-0.0215034	-0.0199696	0.0404389	0.0964936	1
5582	5582	0.0102428	0.0265111	0.0204122	0.00790407	-0.0073426	0.0342831	0
5602	5602	0.00858698	0.0333332	-0.00156574	-0.0560175	0.0228211	0.02841	0
561	561	0.0101749	0.0176766	-0.00146062	0.0328479	0.0266593	-0.0315619	1
5612	5612	0.00602467	0.00600365	0.00582818	-0.00694083	-0.0416509	0.0160435	0
5613	5613	0.00740047	0.00581824	0.0408073	-0.0256711	-0.0224842	-0.0196218	1
5620	5620	0.00512691	0.00214613	0.00753069	0.0143956	-0.021261	0.014785	0
5628	5628	0.0172414	-0.0486064	-0.0424034	-0.0262629	-0.00480216	-0.00928983	0
5629	5629	0.0146865	0.0205011	0.0107642	-0.0357996	-0.0172082	0.0109526	1
563	563	-0.0497436	-0.0312584	-0.0142991	0.00590972	-0.0178653	0.0193132	0
5637	5637	-0.08237	0.0152074	-0.0520025	-0.0123108	-0.0376382	-0.0133567	0
5659	5659	0.0216448	-0.00427414	-0.0236895	-0.00792051	0.013378	0.00283886	1
567	567	0.0163992	0.0198299	-0.0197533	0.0273391	0.039402	0.0181251	1
5675	5675	-0.0675623	0.0600127	-0.0604014	0.034429	-0.0370132	-0.0225999	0
5701	5701	0.00124197	0.0317312	0.00875798	-0.00214812	-0.00317337	0.0404908	1
5709	5709	0.00438392	0.0318158	0.0455424	-0.031081	-0.0092719	-0.015251	0
5719	5719	-0.0107747	0.00349318	0.0114049	0.00682943	-0.0332958	-0.033999	1
5723	5723	-0.077625	0.0296622	-0.0291605	-0.00729761	-0.0472496	0.0183095	1
5728	5728	0.00970322	0.040994	0.0218749	0.00893104	-0.0148479	-0.000623149	0
574	574	-0.00989801	0.0282853	-0.0100505	0.0266246	-0.0151649	-0.0250391	0
5741	5741	-0.0676454	-0.0209087	0.00538399	-0.0156007	0.0579699	-0.0446169	1
5743	5743	0.0113101	-0.000330122	0.00414815	0.0263443	0.00180355	-0.00690245	0
5745	5745	0.00248358	-0.0130254	-0.00474054	0.0016289	0.0186038	-0.00411861	1
5790	5790	0.0189747	0.0164178	0.00539388	-0.0140983	0.0472093	-0.0916831	1
58	58	0.0135812	0.0316654	-0.0307008	0.00281144	0.000824753	-0.016988	0
5800	5800	0.0249558	-0.00187552	0.0129108	-0.00689237	0.000433504	-0.036246	0
5803	5803	-0.0105681	0.0307361	-0.0288567	0.0235041	-0.0211868	-0.00103033	1
581	581	0.0157914	0.0206795	-0.015224	0.00144838	0.027267	-0.0127307	0
5815	5815	-0.00186269	0.012968	-0.000915195	0.0263454	-0.0230952	0.0784012	0
5820	5820	0.0175924	-0.00587695	-0.00255371	0.0416216	-0.00796797	0.0050387	1
5821	5821	0.00709864	-0.0103128	-0.00913189	-2.19252e-05	0.00566886	-0.00331895	1
583	583	0.0112367	0.0171849	0.000802693	-0.00124659	-0.000853356	-0.0270169	0
5830	5830	-0.0016469	0.0208239	-0.0203978	-0.0378892	-0.0348934	-0.00452062	1
5833	5833	0.00517966	0.0162145	-0.0165708	-0.00259372	-0.0119023	0.000699264	1
5850	5850	0.032876	-0.0769533	0.00132169	-0.0178603	0.0171586	0.00592141	0
5866	5866	0.00364793	0.00862833	-0.00989424	-0.00262251	0.0286611	-0.0344584	1
5872	5872	0.0142829	0.0214128	0.00617203	0.0155648	-0.029881	0.00742409	1
5884	5884	0.00548371	0.00790818	0.00250202	0.00822151	0.0076749	-0.00623731	0
589	589	4.85813e-06	-0.0333245	0.0308077	0.0284489	-0.0108858	0.003933	0
5892	5892	0.0160517	0.0045167	-0.0255924	0.0123679	0.00608734	0.0168295	1
5900	5900	0.014784	0.0167419	0.00423117	0.0224035	0.000373371	0.0128745	0
5902	5902	-0.0207389	-0.00655403	-0.039417	0.0152878	-0.0378659	-0.0400579	1
5917	5917	0.014056	0.0268794	-0.0033419	-0.0213931	0.00773171	0.000419032	1
5924	5924	0.0200351	0.0184108	0.0210559	-0.00408608	-0.0265448	-0.00252422	0
5935	5935	0.0203771	-0.0184135	-0.0252777	0.0325102	0.0113823	0.0652112	0
5943	5943	0.0125321	0.0249524	0.0636864	0.0153277	-0.00136566	-0.0113147	1
595	595	0.00761057	0.0127968	0.000970711	-0.0228311	-0.00936713	-0.0474982	1
5961	5961	0.00488273	0.017167	0.0316575	-0.022974	-0.00272201	-0.0770857	0
5965	5965	0.0152727	0.0172561	-0.00667761	-0.0120593	0.010497	-0.0326926	1
5996	5996	0.0138917	0.0012973	-0.0240673	0.000601041	0.00517718	-0.0279601	1
5999	5999	0.0136158	-0.0178256	-0.0345291	0.022223	0.00212303	0.0377746	0
60	60	-0.0543654	0.00861395	0.0717562	0.014085	0.0229404	0.0403656	0
6005	6005	0.0168246	0.0172523	0.00657296	0.00861194	0.0199469	-0.00865095	0
6013	6013	-0.00915385	0.00844041	-0.0313943	0.001508	-0.00575537	0.0258948	0
602	602	0.0387783	-0.00393541	0.00402493	0.00959268	0.0343623	-0.02459	0
6020	6020	0.015389	-0.105606	-0.0324909	-0.0248806	-0.0170608	0.0354278	0
6025	6025	0.0146015	0.0326339	0.0270259	-0.0145393	0.00452159	-0.00189493	0
6035	6035	0.0165418	-0.0354623	-0.0229113	0.0185234	-0.0155188	0.038889	1
6042	6042	0.0109716	0.00694388	0.00742885	-0.0358452	0.0144836	0.0239461	1
6045	6045	0.0168704	0.0294386	0.0415869	0.0529033	0.000934629	0.0394204	0
6064	6064	-0.0248096	0.0279135	-0.0358911	-0.00713676	-0.0123351	-0.0183035	1
607	607	0.012555	0.0219144	0.0184875	0.0198219	0.0200951	-0.0341262	0
6077	6077	0.0140983	-0.0173723	0.0128401	0.0326396	-0.00726241	0.045284	1
609	609	0.025868	0.00112167	0.0149249	-0.0236485	0.0266733	-0.00413894	0
6099	6099	0.0201096	-0.00624607	0.0217798	0.00579137	-0.00238494	0.0193058	0
6103	6103	0.0228	0.0232007	0.000431104	-0.000383899	0.0276825	0.046012	0
6105	6105	0.0213496	0.00900559	0.0174412	0.000959959	0.0322722	-0.0954296	1
6115	6115	0.0277454	-0.0782828	0.029173	0.00490805	-0.00533782	-0.00502485	0
6117	6117	0.0139674	-0.00604023	0.0156875	0.00621118	0.00375654	0.0372091	0
6120	6120	0.0159349	-0.0247614	-0.0115868	0.0120834	-0.00757355	-0.00840829	1
6127	6127	0.0098776	0.0441482	0.00134497	0.0245375	0.0361704	0.0557209	0
613	613	0.025149	0.0150311	0.0131773	-0.00895565	0.0358862	0.00356994	0
6131	6131	0.0082544	0.00873177	-0.00834532	0.00232235	0.0408934	0.0356633	0
6169	6169	0.00967699	0.0176646	0.0309501	0.0219503	0.0310118	0.0286129	1
6179	6179	-0.0418495	-0.00609828	-0.0127485	-0.0374799	0.00782324	0.0248295	1
6189	6189	0.00738864	-0.0349488	-0.0145847	0.036547	0.00167051	-0.0299128	1
6192	6192	0.0200017	-0.107825	0.0174777	0.012698	0.00497989	-0.0162303	1
62	62	0.0293366	-0.0116566	-0.00218565	0.0118243	0.0142551	0.00981213	0
6204	6204	-0.00199516	0.0146663	0.00226292	-0.0251576	-0.0454691	0.0312844	1
6206	6206	0.0150308	-0.0679203	0.0122789	-0.0254708	0.00355424	-0.0120258	1
6214	6214	0.00327614	0.0251625	0.00590338	0.000929013	0.0219706	-0.0117176	1
6216	6216	-0.0862627	-0.0541026	0.0214946	0.00182825	-0.0193107	-0.000526264	1
6221	6221	0.0290775	-0.00160291	0.0127682	0.0253945	0.00703869	0.0199157	1
6238	6238	0.00121511	0.00954663	0.0063763	0.0289505	0.00992474	0.0281623	1
6239	6239	0.0136574	0.0099667	-0.00818035	0.0150986	0.00721271	0.0197865	1
6244	6244	0.0182323	-0.0223681	-0.0133322	0.0175731	0.0288063	0.033177	1
6248	6248	0.0314264	-0.0395755	0.00559828	-0.00703168	0.0200723	0.038882	1
6250	6250	0.018698	0.0248786	0.00854146	-0.0194718	0.009908	0.00995006	1
6252	6252	0.0231518	-0.000690112	-0.00845121	-0.0327199	-0.0129453	0.0750312	1
6257	6257	0.0118298	0.00877172	0.000876785	0.0248878	0.00698014	0.0247736	1
6263	6263	0.0260404	-0.0564591	-0.0314749	-0.0281637	0.00380019	0.00141565	0
6269	6269	0.0186141	0.0354269	-0.00717749	-0.0202669	0.0237186	0.0216814	1
6274	6274	-0.134789	-0.0349247	0.0992195	0.000927198	0.0435608	0.000285582	0
6284	6284	0.0131423	-0.00214702	0.0291099	0.00564474	-0.010004	0.0344704	1
6285	6285	-0.00494906	0.0274661	-0.0132327	0.027033	0.0409497	-0.00166969	1
6296	6296	0.00482109	-0.000607267	-0.00377963	0.0134499	-0.018301	-0.0177325	0
63	63	-0.138969	-0.0245167	0.0552488	-0.00518235	0.0625933	-0.032469	0
6335	6335	0.0145408	0.0201623	-0.000497416	0.0212166	0.00603222	-0.0309323	1
6341	6341	-0.00193878	0.037089	-0.0210692	-0.0475551	-0.0510683	-0.0116845	1
6351	6351	0.0123606	0.0130249	-0.000227758	0.0345465	0.0155123	-0.00847047	1
6356	6356	0.011265	0.0148862	0.0044011	-0.0080337	-0.052731	0.0534101	1
6367	6367	0.00888933	-0.0179966	-0.0156305	-0.0265113	-0.018919	-0.015445	1
6381	6381	0.0177225	0.0132798	-0.0202996	-0.00542758	0.0166964	0.0170285	0
64	64	-0.075974	0.021336	-0.00680749	0.0088964	-0.0450364	-0.00205972	0
644	644	0.00761237	0.0266808	-0.00355858	-0.025754	-0.0145778	-0.0552605	0
645	645	0.0370811	-0.0929696	-0.00659276	4.05433e-05	0.00892808	-0.00311042	0
6450	6450	0.0183836	0.0121718	0.00830507	0.025152	0.0195094	-0.0140891	1
646	646	0.0113366	0.0274289	0.00451251	0.00648727	-0.0169329	0.0285342	0
6484	6484	0.0113859	0.0358699	-0.000734758	-0.00332485	0.0414828	0.0275531	0
6491	6491	0.0229293	0.0235149	0.0070017	0.00965703	0.00845419	0.0357618	0
650	650	-0.0980456	0.0147018	-0.0632588	-0.0395446	-0.0838344	-0.0278688	0
6544	6544	-0.0181912	-0.0291987	-0.0142518	0.004525	-0.0358621	-0.0520037	0
6633	6633	0.0202147	0.00411158	-0.0378563	0.0214522	0.00270509	-0.00302493	1
6634	6634	0.0156229	0.00763263	0.0290294	-0.0512458	0.0549532	0.0157232	1
667	667	0.0324716	0.0026667	0.0132288	-0.0168113	0.0164634	-0.0113601	0
669	669	0.0113972	-0.00120128	-8.10165e-05	-0.000458794	-0.00335434	0.00950481	0
6690	6690	0.00481769	-0.0233925	-0.000517933	-0.0206519	0.00372138	0.0152515	0
6706	6706	-0.135875	-0.0130082	0.0517497	0.0213212	0.0704795	0.0540349	0
6721	6721	0.006676	0.0181065	0.00512191	0.0032984	-0.00807621	-0.0305483	1
6733	6733	-0.0305586	-0.00637099	-0.0163123	0.00543788	0.035685	-0.0107742	1
6758	6758	0.0105086	0.0126997	0.020676	0.00233878	-0.0164235	0.0417262	0
678	678	0.00333547	0.00428393	-0.00975963	0.0114393	0.0021855	-0.0317206	0
6780	6780	0.0145042	-0.066443	-0.0131239	-0.0104362	-0.00358147	-0.0125865	1
6814	6814	0.0113991	0.0164636	0.0223725	0.0131852	0.00659601	0.0235287	1
682	682	0.000815649	-0.045027	-0.0473761	0.0154661	0.0235521	0.0232622	0
6832	6832	-0.00730326	0.00982259	-0.000504146	0.0243234	-0.0314195	0.0136534	1
684	684	0.023966	0.0225181	-0.00786165	0.00209784	-0.00259449	-0.014481	1
685	685	-0.0178632	0.0311758	-0.0131671	0.020447	-0.0443813	-0.0146025	1
6858	6858	0.00631786	0.0209387	0.0026175	0.0173551	-0.015401	-0.0154372	0
6860	6860	0.0170219	0.0106431	-0.0119414	0.0286799	0.024854	-0.0386741	1
6861	6861	0.00519571	0.00671261	0.00815173	-0.0237601	-0.0022367	-0.0197795	1
6875	6875	-0.129113	-0.00633159	0.0416484	0.0209508	0.0545925	-0.00688291	1
6897	6897	-0.0220391	0.0222601	-0.0340816	-0.0202016	-0.00986413	0.0234059	0
6916	6916	-0.0118433	0.0205426	-0.0386029	0.0331974	0.0155079	0.0246338	1
6927	6927	-0.0382511	0.04032	-0.0559348	0.0445012	-0.0792943	-0.0525862	0
6928	6928	0.0143641	0.0146534	-0.0324919	0.0095571	-0.017712	0.0104223	1
693	693	0.00458814	-0.00754848	0.0234117	0.0770651	-0.00199929	-0.0139531	0
6934	6934	0.000523798	-0.00346604	-0.00074952	-0.0122402	0.0183515	-0.0373261	0
6971	6971	0.0119371	0.000788619	0.00101644	0.0134154	-0.000530115	-0.0188354	1
6989	6989	0.0239847	0.0135113	0.0145215	0.0300318	0.0189822	-0.0280326	0
6993	6993	-0.0210763	0.00204521	-0.0187865	-0.0209525	-0.0341202	-0.0309248	1
7011	7011	0.01018	-0.0215673	0.0301629	-0.00199121	-0.0330186	-0.00777528	0
7014	7014	0.00880867	0.0262033	0.0378105	-0.0165406	0.00285922	-0.0446987	0
7020	7020	0.0171882	0.0201535	0.0142471	0.0279303	0.00182658	-0.0196847	0
7028	7028	-0.0154389	0.0162033	0.0164538	0.000285652	-0.0185753	-0.113633	0
704	704	-0.129646	-0.00815098	0.0268241	-0.0340986	0.0742283	-0.0538923	0
7055	7055	0.0246377	0.00750728	0.00566512	0.0292966	0.00633812	-0.00594522	0
7070	7070	0.00229988	0.012002	-0.00430402	-0.00514477	-0.0065611	-0.0433086	1
7089	7089	0.0121828	0.0190777	0.0135804	-0.0373767	0.0285637	-0.0134312	1
7099	7099	0.0130852	0.013907	0.00786082	-0.0394509	-0.0118185	-0.019526	1
7103	7103	-0.0250406	0.0116122	-0.000791669	0.0306897	0.0692559	-0.066348	1
7155	7155	0.00669766	0.0270484	-0.00696684	-0.0104785	0.0423922	0.0336297	1
7156	7156	-0.015436	0.000770302	-0.0288519	0.0161548	-0.0228577	0.00335153	0
717	717	0.020592	0.00684312	-0.00506042	-0.0151543	0.0503158	0.0110456	0
7184	7184	-0.000739951	-0.0147758	0.00998496	-0.00333436	0.00528537	-0.0143664	1
7190	7190	0.0080038	0.0315543	0.00955215	0.00886232	0.00974703	0.00136099	1
721	721	-0.000583256	0.00444671	0.0249678	-0.0325392	-0.0093388	-0.0157408	1
7214	7214	-0.0270362	-0.0132519	0.0187605	0.00653112	0.0419277	-0.0105253	0
722	722	-0.136173	-0.00109196	0.0115829	0.0337462	0.0199539	-0.0146751	0
7224	7224	0.020486	0.0102849	0.0496042	0.0133547	0.0359704	-0.0053844	0
7228	7228	-0.0158607	0.0140715	0.0140238	0.00260565	-0.035712	0.00886747	1
7244	7244	0.0306239	-0.1554	0.0510434	0.0066122	0.0326558	0.0434336	0
7257	7257	0.0184887	0.0151855	-0.0163186	0.0427896	-0.0134115	-0.00267544	1
726	726	-0.0470102	0.0365812	-0.0308714	0.0269834	-0.0377928	0.0150138	0
7285	7285	-0.0349283	0.00967398	0.00849851	-0.0170979	0.00472795	-0.00538136	1
7297	7297	-0.00310484	0.0187128	0.0340475	-0.00517033	-0.0137382	-0.00561472	1
7322	7322	-0.063936	-0.00107605	0.0175752	0.023894	0.00193135	0.00761578	1
7345	7345	0.0109351	-0.0919546	-0.0332546	0.0582164	-0.0147123	-0.0168633	0
7360	7360	0.0114088	-0.00244001	-0.000106994	-0.00260721	0.00717203	-0.00115673	0
74	74	0.0269441	-0.00629252	0.0154898	0.00293105	-0.0227088	-0.0213102	0
7403	7403	0.0188084	0.0233291	0.004894	-0.0100369	0.00627605	-0.00377606	1
7405	7405	0.0065109	-0.0518989	-0.0107994	-0.028273	0.0198694	-0.0335405	1
7413	7413	0.0103883	-0.0035886	-0.00517593	-0.00229453	0.00529108	0.035677	1
745	745	0.025092	0.00463101	-0.003094	0.0156372	-0.0243098	-0.00128277	0
7454	7454	0.00383314	0.0105407	-0.00134833	-0.0100884	-0.00404121	-0.0787198	0
7470	7470	-0.00249563	0.00149041	0.00459429	0.0342352	-0.0844391	-0.0102925	1
7471	7471	-0.122417	-0.0202032	-0.00659766	0.00707859	0.0653768	-0.000488913	0
7475	7475	-0.0122059	-0.000525194	0.015367	0.00180011	-0.0205764	0.00488315	1
748	748	-0.146129	-0.0143438	0.120488	-0.0097136	0.112959	0.0410708	1
749	749	0.0136274	-0.00286817	0.00148175	-0.00823294	0.0425962	-0.00595012	0
7498	7498	-0.00953545	-0.033022	0.0192455	0.0152741	-0.0247768	-0.0932634	1
75	75	-0.0523202	0.01072	-0.0160576	0.00322637	-0.0538289	-7.68254e-05	0
7510	7510	0.00882576	0.0180759	-0.0184706	0.00660187	0.00651511	-0.00449651	0
7520	7520	0.0105813	0.0317486	-0.0166064	0.00027105	0.0541835	-0.047676	0
754	754	-0.0204212	0.00671762	0.0192664	0.00338173	-0.0394507	0.0211132	0
7544	7544	0.00343997	0.02215	-0.0507243	-0.0131176	0.0468642	0.00285367	0
7547	7547	0.00385826	0.0164613	-0.0105406	-0.00645444	0.0257687	-0.024006	1
7561	7561	0.018822	0.0177804	-0.0562669	0.0154514	-0.0166844	0.0528799	1
7565	7565	0.0156241	0.00777634	0.0068622	4.18111e-05	-0.0161888	-0.0041214	1
7567	7567	0.0223919	0.00744316	0.0206383	0.00656861	0.00919898	-0.108906	0
7568	7568	-0.0125486	-0.0329898	0.0165968	-0.0129659	-0.00449283	-0.0107454	1
7569	7569	-0.0363341	0.00111501	-0.04683	0.0190896	-0.0301848	-0.093513	1
758	758	0.0176615	0.00570197	0.00446425	-0.00620039	0.00699455	0.023478	0
761	761	0.018416	0.00330121	0.00891124	-0.0209585	0.00572389	-0.0288144	1
762	762	-0.0258331	-0.0136896	-0.0333726	-0.0105523	-0.0469549	-0.0450491	1
7622	7622	0.0223451	-0.0065069	-0.0116156	0.00627535	0.0505623	-0.0171247	1
763	763	-0.0541016	-0.0241424	-0.0628727	-0.0224008	-0.0942001	0.0369903	0
7636	7636	0.0115356	0.0125727	0.00631539	-0.0127632	0.0327035	0.0151546	0
7670	7670	0.0108444	-0.0318801	0.0490638	0.0710588	0.0021566	-0.00528409	0
7693	7693	-0.00890353	-0.0608682	0.0500272	0.0148829	0.0102564	0.0204983	1
7707	7707	0.0141975	0.000925735	-0.0136199	0.0182152	-0.0565708	0.0712283	1
775	775	0.016221	-0.0218347	-0.00465512	0.000782908	0.0358285	-0.0319274	0
7753	7753	-0.119543	0.0365048	-0.03448	0.017772	0.00500148	0.0960691	0
7757	7757	-0.0331092	0.0167484	-0.0540994	-0.0245602	0.0185303	-0.0782748	1
7759	7759	-0.140549	-0.0351561	0.0912309	0.0103012	0.0829883	0.0149662	0
776	776	-0.0122285	0.0336753	-0.0228348	-0.0213146	0.00411639	0.0274745	1
7763	7763	-0.0229338	0.024917	-0.0301713	0.00262856	-0.0251027	-0.0395045	0
777	777	0.00918825	0.0173225	-0.00891154	0.0117536	0.0415328	-0.0157296	0
7781	7781	0.0126914	-0.00118537	0.0143077	-0.0180475	-0.0316388	0.0690375	0
7785	7785	0.0236111	0.0171861	0.00951665	0.0124099	0.0145527	0.0156542	1
779	779	0.0196182	-0.112323	0.00584713	0.0189301	-9.69442e-05	0.0215515	0
7798	7798	0.00793858	0.0104162	0.00296147	0.00425841	0.00600224	0.026873	1
7800	7800	0.0145793	-0.0553013	-0.0266988	0.00947592	-0.0800979	0.0343018	1
781	781	0.0076131	-0.00196864	0.00746796	-0.0117607	-0.0154255	-0.0237018	1
7842	7842	0.0136228	0.00277989	-0.0148745	-0.00294252	-0.000263207	-0.00835072	0
7854	7854	0.00731343	0.00344654	0.0310289	0.00114903	-0.00323701	0.0236887	1
7857	7857	0.00425145	0.00249326	0.000446432	0.0180556	-0.0552823	0.0386795	1
7876	7876	-0.033716	0.00590978	0.0170116	0.0412827	0.00432511	0.0181079	1
7888	7888	0.0163338	0.0146158	-0.0137626	0.0318072	-0.010517	0.0483281	1
7907	7907	0.0151849	0.00283643	0.0131398	0.0173021	-0.00133645	-0.0208467	0
792	792	-0.0361523	0.0328507	-0.059033	0.00934668	-0.0120617	0.0190428	0
7931	7931	-0.017845	0.0174863	-0.00192285	-0.000783069	-0.00299846	0.00491495	0
7959	7959	0.0145785	0.00542209	-0.0122232	0.0120916	-0.0166555	-0.00580194	1
798	798	0.0120814	-0.122875	-0.00255958	-0.0181657	-0.0300397	-0.0165354	1
7981	7981	0.00501909	-0.0108465	-0.0216914	-0.0305652	-0.0477958	-0.0286441	1
7989	7989	0.0137404	0.00903453	0.00705554	-0.0132302	0.0254543	0.0339222	1
799	799	-0.047757	0.0248257	-0.0609298	-0.0289548	-0.0665239	-0.00764662	1
8	8	-0.0285566	-0.0469848	-0.0337695	-0.00642534	-0.0738488	-0.0292571	1
8056	8056	-0.136669	0.0192565	0.0358349	0.0444776	0.0724513	0.0574122	1
806	806	-0.000503073	0.030619	-0.00369924	-0.0267829	-0.00429323	0.00186247	0
807	807	0.00918727	0.0202961	-0.00311124	0.00916569	-0.00192481	0.00277004	0
808	808	0.0209976	0.0260598	-0.0115499	0.0194071	0.0191562	-4.03516e-05	0
8090	8090	-0.0268637	-0.00418568	0.0149699	0.023475	0.000480922	-0.0152932	0
81	81	0.0265898	-0.108918	-0.024128	-0.0170572	0.0374275	0.0111585	0
811	811	0.0126082	0.0214383	0.0115545	0.0159849	-0.0316715	-0.00551809	1
8129	8129	0.0095832	0.0155163	0.0237193	-0.0186561	0.00305577	-0.0381672	1
813	813	0.0259295	0.0134465	0.00349891	-0.00361177	0.00836602	-0.069775	0
8139	8139	0.0273229	0.00104259	0.016763	0.0706273	0.0523861	-0.0214445	1
816	816	-0.0158656	0.014002	-0.0256453	0.00605986	0.0276534	-0.00859929	0
8180	8180	0.0126205	-0.0416517	-0.0308138	-0.0180466	-0.0287876	-0.132123	1
820	820	-0.0491595	-0.0451964	-0.0527768	-0.0264292	-0.0555783	-0.0137511	0
8202	8202	-0.00685493	0.0130356	-0.039918	-0.0105362	-0.0203201	-0.037641	1
8204	8204	0.0126973	0.010433	0.0117349	-0.0137046	0.0337286	0.0175432	1
8304	8304	0.00812337	0.0319439	-0.00166435	-0.0173634	0.0216175	0.0487453	1
8318	8318	0.0109866	-0.00398627	-0.0097722	0.00733662	0.00846439	-0.00510219	1
8319	8319	0.0113451	0.031286	-0.0203118	-0.0194288	0.0169225	0.0319072	0
8352	8352	0.00519394	0.0463138	0.00802619	0.0151111	0.0218634	-0.00188511	0
836	836	0.0235662	-0.00909413	0.0109334	0.0196451	0.0277053	-0.0237975	0
8360	8360	0.0145442	-0.0231023	-0.0148128	-0.0207413	0.016607	0.0604326	1
8363	8363	0.00812576	0.0293477	0.0241055	0.0102427	0.00468455	-0.00544593	1
8387	8387	-0.0193752	0.0120039	0.00992675	0.0184623	-0.0455388	-0.0012125	1
839	839	0.0179624	-0.0104767	-0.0113246	-0.0115654	-0.00963371	-0.000527861	0
8403	8403	0.011333	-0.0337204	-0.0235842	0.0148037	0.0021113	-0.022382	0
8415	8415	0.0058069	-0.0198135	0.000987511	-0.00916993	-0.00976486	-0.02145	0
8416	8416	0.0155359	0.00528007	0.00901733	-0.0075732	0.0200343	-0.0166986	1
842	842	0.0103811	0.0100038	-0.0203334	-0.00658792	0.0235656	0.00887797	1
845	845	0.0203382	0.0116513	-0.0302101	0.0024406	-0.00381978	0.0374748	1
8466	8466	0.024092	-0.00107208	-0.0145166	-0.0422451	0.00985211	-0.014576	1
8476	8476	0.00495509	0.0211301	0.00144981	0.00168285	-0.00959766	-0.0451777	1
850	850	0.00813026	0.0118468	0.0123426	0.023416	-0.0281094	0.00368531	0
8529	8529	0.0228879	-0.00295682	-0.0239547	0.0516286	0.0308293	-0.0482779	1
8534	8534	0.00929264	-0.00627588	0.00625198	0.0176592	-0.0118545	0.0245374	0
8538	8538	0.0286488	0.0438213	0.00523281	-0.0262096	0.0441945	0.0128077	1
854	854	-0.0044141	-0.059808	-0.0160994	0.00409481	-0.0306125	-0.034755	0
8546	8546	0.0169784	-0.000873447	0.0258026	0.0305952	-0.0160083	0.00574739	0
8563	8563	0.014931	0.0198842	-0.0268609	0.0338033	-0.0347438	0.031785	1
8565	8565	0.0128273	0.0187614	0.000643045	-4.87512e-05	0.00781645	-0.0335004	0
8578	8578	0.0130498	0.0351784	-0.0363965	-0.00491233	0.0388231	-0.0265803	1
8588	8588	-0.141589	-0.0412235	0.0530553	0.0328008	0.117966	0.0739036	0
8619	8619	0.00757824	0.0385941	0.0445075	-0.0266605	0.0793626	-0.0657735	0
862	862	0.0147374	-0.00166693	-0.0113549	0.0302766	0.0131609	-0.00561492	0
865	865	0.0164389	0.0154855	0.000651972	-0.00250993	0.00408007	0.0192758	0
8656	8656	0.00651544	0.000645645	-0.00580042	0.00771218	-0.0461346	0.0314426	1
8666	8666	0.0140116	0.0237459	-0.0229428	-0.00502624	-0.0361446	0.00652962	0
8701	8701	-0.0110482	0.0242741	-0.0175066	-0.00914355	-0.0239228	-0.0101236	0
8723	8723	-0.0213473	0.0196875	-0.0268207	-0.044783	0.0368424	-0.00712123	1
8737	8737	0.00910695	-0.0240363	0.0225478	0.0135366	0.0178696	0.00632045	0
8747	8747	-0.00184296	0.0182006	-0.0209059	0.012828	0.00857246	-0.0143947	0
8766	8766	0.0169807	0.0254531	0.00827497	0.00407233	-0.0640716	0.0517026	1
8834	8834	0.00156393	0.0185073	-0.0244358	0.000678753	0.00681269	-0.0555243	0
8844	8844	0.00971338	0.0212748	0.00722058	-0.0178613	-0.0501532	0.00573002	0
887	887	0.0152005	-0.0145536	0.0183665	-0.0172038	0.0199229	-0.00295493	0
8874	8874	-0.00343778	-0.0220158	0.0123549	0.00733919	-0.030629	0.0133948	0
8883	8883	0.00666749	-0.00145848	0.00683844	0.0074937	-0.0121863	-0.0122417	0
891	891	0.018849	0.0268506	0.0306052	0.00227756	0.00249124	0.0147404	0
8939	8939	0.0152861	0.0297034	-0.0215208	-0.0415774	0.00598813	-0.0107574	1
8947	8947	-0.0284325	0.0443438	-0.0427975	0.0198133	-0.0404675	0.0293458	0
898	898	0.0125426	-0.112986	-0.0125796	-0.0171942	0.0038075	0.0160217	0
90	90	0.0382635	-0.0276413	-0.0163333	0.0123823	0.0172832	0.0525517	1
9023	9023	0.0163015	0.0458503	-0.0615594	0.0466445	0.0192504	0.0877061	1
903	903	0.025666	0.0160778	0.0119936	0.00434819	0.0282442	0.00386518	0
9039	9039	-0.00831481	0.0151507	-0.0331253	0.00383251	0.00181068	-0.0797539	1
9046	9046	0.0170803	-0.121315	0.0111331	0.0416584	-0.00659444	-0.0298993	1
9078	9078	0.00213388	0.0183731	-0.0234428	-0.0237375	-0.0043157	0.00398981	1
9081	9081	0.0204723	0.00453908	0.00420886	-0.00393387	0.0049953	-0.0655344	0
909	909	0.0134887	-0.00376387	0.0127101	0.00887112	0.0119463	0.00807963	0
9111	9111	0.0166522	0.032804	0.0325636	0.033062	0.0775678	-0.0458683	0
912	912	0.019132	0.0194796	-0.00573783	0.00771054	0.0434804	0.0128651	1
9126	9126	-0.011125	0.0306021	0.0127258	0.0255395	-0.0294273	0.0805661	1
9129	9129	0.0200814	0.0221842	-0.0100367	-0.00606192	0.0794136	0.00398621	1
9143	9143	0.010113	0.0231294	0.0142743	-0.0324179	0.00721836	0.0288804	0
915	915	0.0187837	-0.00381844	0.0178215	-0.00943724	-0.0120453	-0.00641423	0
916	916	0.00877073	-0.0556583	-0.0213595	-0.0099746	0.00752175	-0.0110742	0
9164	9164	0.00836864	0.00812939	0.0368735	-0.0537399	-0.0224728	0.00885434	1
9166	9166	0.0207795	-0.00925182	-0.0294019	-0.00756782	0.00678673	-0.0481086	1
9172	9172	0.00925477	-0.0130688	-0.00559042	-0.0227426	0.0133747	0.0427965	1
918	918	0.0118312	0.0134614	0.0123411	-0.0135117	0.00414483	0.0314491	1
9185	9185	0.00131209	0.00561656	0.0221399	0.00238726	-0.0155228	-0.0120341	1
920	920	-0.0494858	0.0172495	-0.0225488	-0.0140675	-0.0689318	0.0128722	0
9217	9217	0.0164142	0.0185258	0.0242021	0.00294324	0.0171101	-0.11365	0
9218	9218	0.0128563	0.0105339	-0.0260511	0.012896	0.0507968	-0.0422347	1
922	922	0.0298716	-0.02277	0.00675232	-0.0405258	0.000261701	-0.0106603	0
9232	9232	-0.0158383	-0.0498572	-0.045145	-0.021504	-0.0669857	-0.0141796	1
9243	9243	0.0257996	0.0265805	-0.0226387	-0.055083	0.00115301	0.00364155	1
9247	9247	0.0133944	-0.058688	-0.0129557	-0.0120098	-0.0818131	0.0108627	0
925	925	0.0176104	0.00305974	0.0131403	-0.0163527	0.0178077	0.012022	0
926	926	0.0192364	-0.0205643	0.0188691	0.00503102	0.0115177	-0.023291	0
9262	9262	-0.0532184	0.0490077	-0.0797088	-0.013255	-0.066184	-0.173054	1
9277	9277	0.00880747	0.0515506	-0.121891	-0.494339	0.113262	0.0507755	0
9281	9281	0.0063486	-0.0093924	-0.0192677	-0.0193208	-0.00664746	0.0388947	1
9283	9283	0.0220565	0.0459638	-0.0887847	-0.473105	0.144892	0.030614	0
9314	9314	0.00591915	0.024398	-0.0228471	0.00476931	0.000533771	0.0564484	1
9323	9323	0.0278883	0.0224173	-0.00463619	0.00609552	0.00729784	0.0374926	1
9327	9327	0.0201821	0.0238657	-0.0103871	0.0152032	0.000853776	-0.0519372	1
9366	9366	-0.00800635	0.0144579	-0.0178869	0.0102856	-0.0410413	-0.0398399	0
9413	9413	0.00362169	-0.0267641	0.00668252	0.0355842	-0.00727229	0.00696547	0
9427	9427	0.00702606	0.00655088	0.00208213	0.0124572	-0.00320503	0.0146894	1
943	943	0.000990629	0.000728482	0.0103067	-0.00939788	0.0229314	0.0113799	0
9430	9430	0.00495078	0.0343944	0.0147935	0.00172138	-0.0333813	-0.0154215	1
9480	9480	0.0175926	0.0181297	-0.00282546	0.0446252	0.0104866	-0.0383768	1
9486	9486	0.0256357	-0.0579177	0.0105429	0.0322227	-0.0224042	-0.0218883	0
949	949	0.0177678	0.0198287	0.00472904	0.0168923	0.0016544	0.0163769	0
951	951	0.00985175	0.00684526	-0.00116486	0.0229401	-0.000974539	0.0139091	0
9519	9519	0.040018	-0.00579086	0.00850519	-0.0053454	0.0453076	-0.00645467	0
952	952	0.0108196	0.0106305	0.0197547	-0.0107341	0.0293535	-0.0022534	0
954	954	0.0140394	0.0203407	-0.025101	-0.011644	-0.00163495	0.0116825	0
9541	9541	0.0064547	0.0392119	-0.0151077	0.021828	0.00356065	0.0158293	0
9656	9656	-0.070664	0.00919645	0.0530081	-0.00488498	0.0464474	-0.0417725	0
966	966	0.000231955	-0.0142149	0.021643	0.00538149	-0.0193693	-0.0133277	1
968	968	0.0135382	-0.0143754	-0.0164861	0.0304883	-0.00862469	0.00860009	0
972	972	0.00423877	-0.0373948	0.0253463	-0.0167117	-0.0154267	-0.0203184	0
9749	9749	0.0218444	0.0183888	0.0224179	0.0255449	0.0259623	0.0119048	0
9752	9752	0.013727	0.0285102	0.00564026	-0.0497242	-0.0223662	-0.0597568	1
9762	9762	-0.0598539	-0.00376213	0.0246821	-0.00316585	0.0407533	0.0187408	0
9765	9765	0.0174957	0.0193594	0.0030847	-0.0230328	-0.00185458	-0.00210128	1
9781	9781	0.0178043	-0.00429635	-0.00517341	0.0170968	0.00861893	0.0200155	1
9784	9784	0.00662661	0.0118461	-0.00900348	0.0256423	0.0301657	0.00472127	1
9817	9817	-0.00354767	-0.130177	-0.00886443	-0.00752624	-0.0315648	-0.0650277	0
9832	9832	-0.148501	-0.0236997	0.0821664	0.00319907	0.111508	-0.0853797	0
9835	9835	0.0142774	0.0397149	-0.0314623	0.0229567	-0.0254665	0.01949	1
9839	9839	0.00813746	0.00492263	0.00410458	0.00649212	-0.0212459	0.000330585	1
9849	9849	-0.02979	0.06595	-0.102398	0.0255594	-0.0771987	0.00306752	0
9862	9862	0.0171183	0.0162848	0.0228035	0.00346572	0.00776925	0.0550591	0
9876	9876	0.0156954	0.0242225	0.0395664	0.0238377	0.0168037	-0.00196355	1
99	99	0.0182575	0.00342961	0.0273835	0.0211955	0.0135961	-0.0411397	0
990	990	0.0175088	0.00786772	-0.0269834	-0.00993211	-0.00481125	0.00815737	0
9906	9906	0.0161614	0.00724011	-0.00250792	-0.0280987	-0.015486	-0.0423606	1
9928	9928	0.0109363	0.0156334	0.0196381	0.0231899	0.0383343	-0.00446029	1
9974	9974	0.0135191	-0.0056357	-0.00566025	0.00103963	-0.0428311	0.0141605	1
999	999	-0.049183	0.0433262	-0.0508134	-0.0322689	-0.0559379	-0.00443261	0
