10	10	3
10012	10012	3
10036	10036	3
10097	10097	0
1010	1010	3
10100	10100	2
10106	10106	0
1013	1013	2
1020	1020	0
10216	10216	2
1022	1022	1
10232	10232	3
1024	1024	0
10246	10246	3
1026	1026	2
10260	10260	3
1028	1028	0
1033	1033	3
1034	1034	3
10348	10348	2
1036	1036	3
10374	10374	2
10381	10381	3
10383	10383	0
10384	10384	2
1039	1039	0
10408	10408	0
1041	1041	0
10424	10424	3
1047	1047	0
10489	10489	0
10490	10490	3
10492	10492	1
10530	10530	0
10542	10542	1
10544	10544	3
10572	10572	0
1058	1058	0
10586	10586	0
1059	1059	2
1060	1060	3
10635	10635	1
10645	10645	0
10653	10653	3
1066	1066	0
1071	1071	2
1075	1075	2
1077	1077	0
10773	10773	3
10785	10785	1
1079	1079	3
10790	10790	0
1085	1085	1
10897	10897	0
1091	1091	0
10962	10962	2
10964	10964	2
10984	10984	1
11	11	3
11012	11012	0
11015	11015	3
1103	1103	0
1104	1104	3
11053	11053	0
11062	11062	1
11069	11069	1
11076	11076	0
11082	11082	3
11135	11135	2
1114	1114	3
1121	1121	2
1125	1125	3
1129	1129	0
1131	1131	0
1133	1133	0
1134	1134	1
11377	11377	3
11393	11393	0
11396	11396	2
11397	11397	3
1142	1142	3
11458	11458	0
11462	11462	2
11493	11493	3
11502	11502	1
11520	11520	1
11526	11526	3
11528	11528	3
11531	11531	2
11548	11548	2
11557	11557	1
11562	11562	1
11584	11584	2
11585	11585	3
1163	1163	3
11643	11643	3
1165	1165	1
11669	11669	3
11700	11700	0
11747	11747	3
11753	11753	0
1177	1177	1
11785	11785	3
11790	11790	2
11795	11795	2
11796	11796	3
118	118	3
11822	11822	3
11828	11828	3
1190	1190	1
1196	1196	1
1209	1209	3
1214	1214	0
1221	1221	2
1227	1227	0
123	123	0
1233	1233	3
1235	1235	3
124	124	1
126	126	3
1275	1275	0
1281	1281	3
1288	1288	2
1290	1290	3
13	13	3
1305	1305	3
1312	1312	2
1325	1325	1
1338	1338	3
1341	1341	0
1342	1342	0
1366	1366	0
1374	1374	1
1375	1375	3
1379	1379	0
1382	1382	2
1384	1384	2
1392	1392	2
14	14	3
1401	1401	3
1404	1404	0
141	141	3
1412	1412	0
1414	1414	3
1420	1420	3
1430	1430	3
1432	1432	1
144	144	3
1440	1440	0
1442	1442	0
1445	1445	1
1446	1446	0
1447	1447	0
1459	1459	0
146	146	3
1462	1462	3
1465	1465	1
1466	1466	3
1467	1467	3
1470	1470	3
1494	1494	0
1499	1499	1
1503	1503	0
1507	1507	0
1514	1514	0
1515	1515	1
1521	1521	0
1522	1522	3
1531	1531	2
1537	1537	3
154	154	3
1564	1564	3
1565	1565	3
1566	1566	3
1568	1568	2
1573	1573	3
1578	1578	0
1582	1582	3
1588	1588	0
159	159	1
1593	1593	2
16	16	0
1600	1600	0
1610	1610	0
1615	1615	3
1623	1623	0
1626	1626	3
1627	1627	3
1631	1631	3
1641	1641	1
1653	1653	3
1658	1658	1
1659	1659	3
1664	1664	0
1668	1668	3
1669	1669	2
1675	1675	2
1678	1678	3
168	168	2
1682	1682	3
1685	1685	2
1686	1686	3
1695	1695	3
1697	1697	1
1699	1699	3
17	17	1
1702	1702	3
1705	1705	0
1706	1706	3
1707	1707	1
1712	1712	1
1717	1717	2
1718	1718	0
1720	1720	0
1723	1723	3
1727	1727	3
1742	1742	1
1743	1743	3
1745	1745	1
175	175	3
1759	1759	3
1763	1763	0
1764	1764	0
177	177	0
1776	1776	1
1777	1777	3
1778	1778	3
1784	1784	3
1785	1785	2
1788	1788	0
1790	1790	2
180	180	2
1802	1802	0
1808	1808	1
1810	1810	3
1811	1811	1
1813	1813	0
1814	1814	0
1815	1815	0
1822	1822	2
1825	1825	2
1827	1827	3
1833	1833	0
1841	1841	0
1853	1853	1
1858	1858	1
187	187	3
1875	1875	1
1876	1876	1
1877	1877	3
1879	1879	3
1887	1887	2
1889	1889	0
189	189	3
1892	1892	1
1901	1901	3
1902	1902	1
1903	1903	0
1904	1904	0
1958	1958	2
1963	1963	3
1968	1968	0
1970	1970	0
1975	1975	2
1980	1980	2
1984	1984	0
1985	1985	1
1991	1991	3
1992	1992	3
1993	1993	0
1996	1996	3
200	200	0
2000	2000	1
2001	2001	0
2004	2004	0
2006	2006	1
2008	2008	2
2009	2009	1
2013	2013	3
2018	2018	3
202	202	0
2022	2022	0
2023	2023	1
2024	2024	0
2025	2025	2
2030	2030	0
2034	2034	0
2039	2039	1
204	204	1
2042	2042	1
2048	2048	1
2050	2050	2
2052	2052	1
2055	2055	1
2056	2056	0
2064	2064	0
2067	2067	3
207	207	0
2074	2074	0
2075	2075	3
2076	2076	1
2077	2077	3
2080	2080	1
2083	2083	1
2090	2090	2
2096	2096	2
2099	2099	0
210	210	0
2116	2116	0
215	215	0
2151	2151	1
2153	2153	3
2158	2158	1
216	216	0
2162	2162	2
2166	2166	0
2177	2177	0
2183	2183	2
22	22	1
2202	2202	1
2212	2212	1
2214	2214	2
2217	2217	3
2236	2236	3
2238	2238	0
2239	2239	3
2249	2249	1
2274	2274	0
2276	2276	3
2278	2278	0
2279	2279	3
2288	2288	2
2291	2291	0
2297	2297	2
2307	2307	1
2314	2314	2
2329	2329	2
2334	2334	1
2339	2339	0
2350	2350	1
2356	2356	1
2361	2361	1
2362	2362	1
2367	2367	1
2371	2371	3
2385	2385	2
2402	2402	3
241	241	1
2412	2412	0
2421	2421	3
2453	2453	2
2454	2454	0
2455	2455	3
2456	2456	0
2457	2457	2
2498	2498	0
251	251	1
2510	2510	0
2512	2512	2
2513	2513	3
2516	2516	1
252	252	0
253	253	1
2535	2535	3
2542	2542	2
2554	2554	0
2557	2557	2
2558	2558	2
2568	2568	1
2570	2570	1
2576	2576	3
258	258	2
26	26	1
2616	2616	3
262	262	3
2628	2628	3
2633	2633	0
2635	2635	0
2645	2645	3
2648	2648	2
266	266	3
2660	2660	0
2676	2676	0
2677	2677	1
268	268	3
2681	2681	0
2687	2687	2
2692	2692	1
2700	2700	2
2702	2702	3
2707	2707	2
2718	2718	2
2720	2720	2
2725	2725	3
2739	2739	1
2740	2740	3
2751	2751	1
2755	2755	3
2759	2759	3
276	276	3
2764	2764	1
279	279	3
2794	2794	3
2797	2797	0
2826	2826	0
2841	2841	2
2849	2849	2
285	285	3
2858	2858	2
2860	2860	3
287	287	1
2874	2874	0
2881	2881	1
2886	2886	1
2887	2887	3
2890	2890	1
2891	2891	3
2898	2898	1
2901	2901	3
2907	2907	3
2920	2920	0
294	294	0
2949	2949	3
295	295	1
2958	2958	0
296	296	2
2960	2960	3
2964	2964	2
2966	2966	2
2969	2969	1
298	298	3
2980	2980	1
2990	2990	3
2998	2998	3
3004	3004	0
3018	3018	1
3034	3034	2
3046	3046	3
3069	3069	3
3078	3078	0
3080	3080	2
3085	3085	3
3090	3090	2
3104	3104	1
311	311	3
3111	3111	2
3113	3113	3
3122	3122	3
3129	3129	2
3130	3130	2
3137	3137	2
3140	3140	3
3145	3145	2
3158	3158	2
3167	3167	2
3176	3176	1
3179	3179	0
3186	3186	2
319	319	1
3193	3193	0
3196	3196	3
3197	3197	2
3206	3206	1
3211	3211	2
3216	3216	1
322	322	2
3227	3227	0
323	323	3
3244	3244	1
3248	3248	1
325	325	2
3257	3257	2
3265	3265	0
3275	3275	0
328	328	2
3280	3280	2
3289	3289	0
33	33	3
330	330	0
3304	3304	3
3306	3306	0
3320	3320	2
3321	3321	1
3324	3324	0
3326	3326	1
3335	3335	3
3340	3340	3
3341	3341	0
3343	3343	2
3344	3344	0
337	337	1
3375	3375	3
3381	3381	2
3394	3394	3
3399	3399	2
3402	3402	3
3404	3404	2
341	341	0
3415	3415	2
3417	3417	1
3422	3422	1
3449	3449	0
345	345	0
3454	3454	2
3468	3468	3
347	347	0
3478	3478	2
3486	3486	3
3489	3489	0
349	349	1
3494	3494	2
3499	3499	3
35	35	2
3531	3531	0
3532	3532	1
3543	3543	0
3547	3547	2
3559	3559	3
3569	3569	1
3581	3581	2
3582	3582	2
3598	3598	2
36	36	2
3605	3605	2
3611	3611	0
3615	3615	3
3622	3622	3
3625	3625	3
363	363	0
3639	3639	2
3642	3642	0
3643	3643	1
3644	3644	0
3655	3655	1
366	366	3
368	368	0
3682	3682	0
3689	3689	2
3695	3695	2
3724	3724	0
3728	3728	3
3747	3747	0
3766	3766	3
3777	3777	0
3780	3780	3
3783	3783	2
3786	3786	0
3788	3788	1
38	38	0
380	380	2
3806	3806	1
3821	3821	1
3834	3834	1
3835	3835	2
3847	3847	0
3853	3853	3
3862	3862	0
3865	3865	0
3866	3866	1
3881	3881	1
3882	3882	0
3883	3883	3
3905	3905	2
3908	3908	0
3913	3913	3
3921	3921	3
3922	3922	3
3923	3923	0
3931	3931	3
3934	3934	3
3935	3935	0
394	394	1
3942	3942	0
3948	3948	0
3954	3954	0
3964	3964	3
3967	3967	0
397	397	2
3973	3973	3
3979	3979	3
3988	3988	2
3990	3990	1
3992	3992	2
40	40	0
4006	4006	3
4009	4009	0
4018	4018	3
4029	4029	2
4030	4030	2
4032	4032	3
4036	4036	2
4048	4048	3
4055	4055	0
4056	4056	0
4066	4066	2
4067	4067	1
4080	4080	0
4084	4084	2
4095	4095	2
4106	4106	0
411	411	0
4127	4127	3
4143	4143	0
4147	4147	2
4159	4159	0
4171	4171	3
4173	4173	0
4178	4178	2
4180	4180	0
4181	4181	1
4185	4185	3
4191	4191	3
4194	4194	2
42	42	2
420	420	2
4200	4200	0
4212	4212	0
4215	4215	0
4230	4230	3
4240	4240	1
4241	4241	3
4245	4245	2
4248	4248	2
4251	4251	2
4258	4258	1
4290	4290	3
4301	4301	3
4320	4320	3
4346	4346	2
4356	4356	2
4359	4359	0
437	437	1
439	439	1
4399	4399	1
44	44	3
440	440	3
441	441	0
4411	4411	2
4438	4438	1
4441	4441	0
4463	4463	1
4482	4482	2
4490	4490	3
4498	4498	3
4499	4499	0
4507	4507	3
4532	4532	0
4539	4539	2
4549	4549	2
4569	4569	2
4580	4580	3
4587	4587	1
4594	4594	0
4605	4605	3
4621	4621	1
463	463	0
4632	4632	3
4643	4643	2
4646	4646	3
4648	4648	0
466	466	3
4671	4671	3
4672	4672	3
4679	4679	1
468	468	2
4680	4680	3
4693	4693	3
4694	4694	1
4695	4695	0
4712	4712	1
4715	4715	3
473	473	0
4735	4735	3
4756	4756	0
4758	4758	3
4784	4784	0
4797	4797	2
4801	4801	0
481	481	3
4813	4813	3
4814	4814	3
4825	4825	1
4831	4831	2
4833	4833	3
4837	4837	3
4851	4851	3
4859	4859	3
4879	4879	1
4888	4888	0
4889	4889	3
4895	4895	0
4897	4897	2
4927	4927	2
4932	4932	2
4935	4935	1
4941	4941	1
4943	4943	3
495	495	1
4962	4962	0
497	497	1
4983	4983	0
4990	4990	3
4996	4996	1
4998	4998	3
4999	4999	0
500	500	0
502	502	1
5027	5027	0
503	503	0
5041	5041	2
5044	5044	1
5048	5048	0
5049	5049	0
5073	5073	1
5098	5098	1
5105	5105	3
5107	5107	2
5130	5130	0
5144	5144	0
5145	5145	1
5146	5146	3
5154	5154	1
5155	5155	2
5164	5164	2
5167	5167	3
5168	5168	2
5172	5172	3
5176	5176	0
5180	5180	2
5182	5182	2
5185	5185	3
5190	5190	0
5206	5206	3
5207	5207	2
5218	5218	1
5221	5221	1
5223	5223	0
5233	5233	0
5235	5235	0
5236	5236	3
5246	5246	0
5249	5249	0
5257	5257	0
5263	5263	3
5273	5273	0
5274	5274	2
5276	5276	0
5284	5284	1
5288	5288	3
5293	5293	2
53	53	0
5302	5302	3
5310	5310	2
5326	5326	0
533	533	0
5332	5332	3
5342	5342	2
5351	5351	0
5359	5359	3
539	539	3
5397	5397	0
5408	5408	3
5414	5414	0
5425	5425	0
5432	5432	0
5442	5442	2
5443	5443	0
5447	5447	0
5456	5456	2
5460	5460	3
5475	5475	1
5478	5478	0
5487	5487	0
549	549	3
5490	5490	2
5494	5494	0
5495	5495	0
55	55	0
5501	5501	0
5506	5506	3
5515	5515	3
5516	5516	3
5529	5529	2
5531	5531	3
5536	5536	3
554	554	2
5540	5540	0
5545	5545	3
5557	5557	3
556	556	2
5568	5568	0
5570	5570	1
5581	5581	2
5582	5582	0
5602	5602	0
561	561	3
5612	5612	1
5613	5613	1
5620	5620	0
5628	5628	0
5629	5629	0
563	563	3
5637	5637	0
5659	5659	1
567	567	1
5675	5675	3
5683	5683	2
5701	5701	0
5709	5709	1
5719	5719	3
572	572	1
5723	5723	3
5728	5728	2
574	574	0
5741	5741	1
5743	5743	1
5745	5745	3
5790	5790	0
5795	5795	3
58	58	0
5800	5800	1
5803	5803	3
581	581	1
5815	5815	1
5820	5820	1
5821	5821	0
583	583	0
5830	5830	3
5833	5833	3
5850	5850	0
5866	5866	1
5872	5872	0
5881	5881	3
5884	5884	0
589	589	3
5892	5892	1
5900	5900	0
5902	5902	1
5917	5917	1
5924	5924	3
5935	5935	1
5943	5943	3
595	595	2
5961	5961	3
5965	5965	0
5973	5973	3
5989	5989	3
5996	5996	1
5998	5998	2
5999	5999	2
60	60	2
6005	6005	0
6013	6013	0
602	602	0
6020	6020	3
6025	6025	2
6035	6035	0
6042	6042	2
6045	6045	0
6064	6064	3
6065	6065	3
607	607	0
6074	6074	3
6077	6077	0
609	609	0
6093	6093	3
6099	6099	3
610	610	3
6103	6103	2
6105	6105	0
6115	6115	2
6117	6117	3
6120	6120	3
6124	6124	3
6127	6127	1
613	613	2
6131	6131	3
6169	6169	2
6179	6179	2
6189	6189	2
6192	6192	2
62	62	3
6204	6204	3
6206	6206	0
6214	6214	1
6216	6216	3
6221	6221	2
6238	6238	1
6239	6239	1
6244	6244	0
6248	6248	1
6249	6249	3
6250	6250	0
6252	6252	2
6257	6257	1
6263	6263	0
6269	6269	2
6274	6274	2
6284	6284	2
6285	6285	0
6296	6296	0
63	63	0
6335	6335	0
6341	6341	1
6351	6351	1
6356	6356	3
6367	6367	1
6381	6381	2
64	64	0
644	644	3
645	645	1
6450	6450	1
646	646	0
6484	6484	3
6491	6491	2
6493	6493	2
650	650	2
6544	6544	3
6547	6547	2
6573	6573	3
6583	6583	3
6589	6589	3
6633	6633	2
6634	6634	1
667	667	1
669	669	0
6690	6690	0
6706	6706	2
6721	6721	2
6733	6733	3
6738	6738	3
6758	6758	0
678	678	3
6780	6780	3
6814	6814	1
682	682	0
6832	6832	1
684	684	0
685	685	3
6858	6858	3
6860	6860	1
6861	6861	0
6875	6875	3
6897	6897	2
6916	6916	0
6927	6927	0
6928	6928	1
693	693	2
6934	6934	3
6971	6971	1
6989	6989	0
6993	6993	3
7011	7011	0
7014	7014	0
7020	7020	3
7028	7028	3
704	704	2
7055	7055	3
7070	7070	0
7089	7089	0
7099	7099	2
7103	7103	1
7134	7134	3
7141	7141	3
7155	7155	2
7156	7156	3
717	717	0
7184	7184	1
7190	7190	0
721	721	0
7214	7214	2
722	722	2
7224	7224	1
7228	7228	0
7244	7244	1
7257	7257	1
726	726	2
7285	7285	2
7297	7297	3
7322	7322	1
7339	7339	3
7345	7345	0
7360	7360	3
74	74	0
7403	7403	1
7405	7405	2
7413	7413	3
745	745	3
7454	7454	0
7470	7470	0
7471	7471	3
7475	7475	2
748	748	3
749	749	0
7498	7498	3
75	75	2
7510	7510	0
7520	7520	1
754	754	3
7544	7544	1
7547	7547	3
7561	7561	3
7565	7565	3
7567	7567	0
7568	7568	0
7569	7569	2
758	758	0
7585	7585	3
761	761	2
762	762	3
7622	7622	2
763	763	3
7636	7636	0
7670	7670	0
7693	7693	1
7707	7707	0
7733	7733	2
775	775	0
7753	7753	2
7757	7757	3
7759	7759	3
776	776	0
7761	7761	0
7763	7763	2
777	777	3
7781	7781	2
7785	7785	0
779	779	0
7798	7798	3
7800	7800	2
781	781	2
782	782	1
7842	7842	2
7854	7854	2
7857	7857	2
7876	7876	0
7888	7888	1
7907	7907	2
792	792	3
7931	7931	0
7953	7953	3
7954	7954	3
7955	7955	2
7959	7959	3
798	798	2
7981	7981	1
7989	7989	2
799	799	2
8	8	3
803	803	2
8049	8049	3
8056	8056	1
806	806	1
807	807	2
808	808	0
8090	8090	0
81	81	1
811	811	1
8129	8129	1
813	813	3
8139	8139	0
814	814	2
816	816	2
8180	8180	0
820	820	3
8202	8202	1
8204	8204	1
8301	8301	1
8304	8304	0
8318	8318	1
8319	8319	0
8352	8352	0
836	836	0
8360	8360	0
8363	8363	1
8379	8379	3
8387	8387	2
839	839	0
8403	8403	0
8415	8415	3
8416	8416	0
842	842	1
845	845	3
8466	8466	0
8476	8476	1
850	850	0
8522	8522	3
8529	8529	0
8534	8534	0
8538	8538	0
854	854	3
8546	8546	1
8563	8563	2
8565	8565	2
8578	8578	0
8588	8588	0
8619	8619	2
862	862	3
865	865	1
8656	8656	2
8666	8666	0
8701	8701	1
8723	8723	0
8737	8737	2
8739	8739	3
8747	8747	2
8766	8766	0
8834	8834	0
8841	8841	3
8844	8844	0
887	887	0
8874	8874	3
8883	8883	0
891	891	0
8939	8939	2
8947	8947	0
8977	8977	1
898	898	0
8990	8990	3
90	90	2
9023	9023	3
903	903	0
9039	9039	3
9046	9046	1
9078	9078	3
9081	9081	3
909	909	0
9111	9111	2
912	912	0
9126	9126	1
9129	9129	3
9143	9143	1
915	915	0
916	916	3
9164	9164	3
9166	9166	3
9172	9172	1
918	918	3
9185	9185	2
920	920	3
9217	9217	0
9218	9218	2
922	922	3
9232	9232	0
924	924	3
9243	9243	2
9247	9247	3
925	925	0
926	926	3
9262	9262	3
9277	9277	2
9281	9281	3
9283	9283	0
9314	9314	2
9323	9323	1
9327	9327	1
9366	9366	0
9413	9413	0
9427	9427	1
943	943	3
9430	9430	0
9471	9471	3
9480	9480	2
9486	9486	0
949	949	0
951	951	3
9519	9519	0
952	952	1
954	954	3
9541	9541	0
9656	9656	3
966	966	3
968	968	0
972	972	0
9749	9749	0
9752	9752	3
9762	9762	1
9765	9765	0
9781	9781	1
9784	9784	0
9812	9812	3
9817	9817	3
9832	9832	1
9835	9835	0
9839	9839	3
9849	9849	0
9862	9862	1
9876	9876	0
99	99	0
990	990	0
9905	9905	3
9906	9906	1
9928	9928	1
9974	9974	1
999	999	3
