10	10	0.0818059	0.00140749	0.0355068	-0.00395285	-0.0263673	-0.0483478	0
10012	10012	0.0619959	0.0120958	0.0590006	-0.00549795	-0.00641243	0.00112604	1
10036	10036	0.00326769	-0.00684244	0.0229626	0.0134846	0.00837968	0.0169915	0
10097	10097	-0.0229472	0.0102916	0.00792694	-0.00982381	0.0181719	0.00296234	1
1010	1010	0.0318917	-0.00106003	0.0288617	0.0215628	0.0422626	0.0164494	0
10100	10100	0.0288509	0.00576741	0.0283673	-0.0161182	0.0308921	-0.0163543	1
10106	10106	-0.0105184	-0.0126105	-0.0115177	-0.00568822	0.00626331	0.00444293	1
1013	1013	-0.0216283	-0.000581816	0.00120802	-0.00361239	0.00939359	-0.00238002	0
1020	1020	-0.019585	-0.00619273	0.00482938	-0.00126305	0.0096232	0.00404242	0
10216	10216	0.00466508	0.00397268	0.0136482	0.00378252	0.00467096	-0.00840038	0
1022	1022	-0.0195807	-0.00442562	0.00606165	-0.0121731	0.00472611	0.00902236	0
10232	10232	0.00950062	-0.00593172	-0.0023533	0.00743422	0.0101857	-0.0218773	0
1024	1024	-0.0031981	-0.00160699	-0.0125192	0.010222	-0.00983592	0.019053	1
10246	10246	-0.00912155	0.00207657	-0.00548235	0.00241961	0.0226694	0.00648979	0
1026	1026	-0.0183666	-0.00273505	0.00600742	0.00147723	0.0117129	-0.00442581	1
10260	10260	-0.0178644	-0.013304	-0.00387014	-0.00223482	0.0357897	-0.0209812	1
1028	1028	-0.0142655	-0.00292454	0.0016717	0.0224169	0.00832024	-0.00162192	1
1033	1033	0.0840467	0.00414946	0.0773803	-0.0213813	-0.0120868	0.0339838	0
1034	1034	0.0617183	-0.00915725	0.0363198	0.00190485	-0.0189695	0.0187603	0
10348	10348	0.0190591	0.00577343	0.0135518	-0.00798339	0.04466	0.0137183	0
1036	1036	-0.0211251	-0.000832818	0.0043327	0.013416	0.0181218	-0.00684736	0
10374	10374	0.0265467	0.000804587	0.045249	0.00353828	1.26277e-06	0.00671159	1
10381	10381	-0.0196143	0.000611978	-0.0111398	-0.00468213	-0.0042325	0.0112928	1
10383	10383	0.00390744	-0.000111939	0.0111735	0.0127275	0.010924	-0.0167932	0
10384	10384	-0.0165615	-0.00496634	-0.013869	0.00828379	0.0118571	0.0136436	1
1039	1039	-0.0224041	-0.00238625	-0.0148866	-0.0042702	0.00100666	0.00325671	0
10408	10408	-0.00915825	0.00473043	-0.00685598	-0.0306374	-0.0310594	0.0159954	1
1041	1041	-0.0175983	-0.0132648	-0.00281201	-0.00335188	0.0175292	-0.0158233	1
1047	1047	0.00177984	-0.00221474	0.0168384	-0.00377781	0.0149129	-0.011512	0
10489	10489	0.00316733	0.00797157	-0.0344687	-0.0359139	-0.127158	0.0156004	0
10490	10490	-0.00317693	-0.00835622	0.00521634	6.81567e-05	0.049859	0.00612003	1
10492	10492	-0.0165875	0.00122803	-0.00885635	-0.0100789	-0.024885	-0.0431947	1
10530	10530	-0.0135707	0.000531661	0.00526602	0.00880338	-0.00536885	0.0378801	0
10542	10542	-0.0052429	-0.000503538	0.0072404	-0.0250521	-0.0353757	0.00822775	1
10544	10544	0.0308671	-0.00498067	-0.0203741	0.0186177	-0.006503	0.0200232	0
10572	10572	-0.00304806	0.0136068	0.00202546	-0.0160124	-0.00250814	0.00316285	1
1058	1058	-0.0150384	-0.01359	0.00838433	-0.000988578	0.00218531	-0.011239	1
10586	10586	-0.00406112	0.00158375	-0.00880283	0.0103302	0.0282335	0.0141728	0
1060	1060	-0.0070892	-0.00877207	-0.00106176	-0.0210435	-0.0269666	-0.00186732	0
10635	10635	-0.0118927	0.00268746	0.0114937	0.00780055	-0.01291	-0.0103792	1
10645	10645	0.00328429	-0.00556579	-0.0576889	0.013741	0.00326967	0.00440501	1
10653	10653	-0.0133759	-0.0118834	-0.0133087	-0.0175696	-0.00929915	0.00857061	1
1066	1066	-0.00979583	0.00164974	0.00139769	-0.00251144	-0.00457593	-0.00518378	0
1071	1071	0.0169515	-0.00268782	0.0119595	-0.0268871	-0.0380614	0.0122284	0
1075	1075	-0.0148716	0.00204674	-0.000444247	0.00979614	0.0106576	-0.00713746	1
1077	1077	-0.015682	-0.00213095	-0.00508829	-0.00667403	-0.0740449	0.0282107	0
10773	10773	-0.0214185	-0.000722384	-0.0216423	-0.0261205	-0.0232036	0.0109693	0
10785	10785	-0.0081583	-0.000545906	-0.000843377	0.00855092	-0.00968497	-0.0326927	1
1079	1079	-0.00923183	-0.00954682	-0.00387545	-0.000243337	0.00994087	-0.00207657	1
10790	10790	-0.0147763	-0.00184708	0.00996305	0.00455119	0.0366971	0.00400075	0
1085	1085	-0.0167948	-0.00774408	0.00669535	-0.0136135	-0.0197765	0.00509799	0
10897	10897	-0.0203747	-0.0149689	-0.0038782	-0.00370281	0.0185095	0.00568031	1
1091	1091	-0.0150466	0.00728872	0.000423031	0.00352479	0.0132271	0.000533491	0
10962	10962	0.00926793	0.00500236	-0.00684681	-0.00576164	0.0360801	-0.0244684	1
10964	10964	0.0960149	-0.00818531	-0.193911	0.00943986	0.0673544	0.0391576	1
10984	10984	-0.0103053	-0.0146713	-0.00250795	-0.000105572	0.0218757	-0.0163952	0
11	11	0.0843889	0.00251188	0.0826392	-0.00347986	-0.029997	0.03184	0
11012	11012	-0.0205169	-0.00705887	0.0117327	0.0103694	0.000787681	-0.014126	1
11015	11015	-0.0119271	0.00832998	-0.000620757	-0.015378	0.00841805	-0.00496237	1
1103	1103	-0.0211206	0.00265385	0.000355105	0.00638316	0.0146075	0.00363803	1
1104	1104	-0.0127598	-0.00104483	-0.014527	-0.00218962	0.0158893	-0.00749371	1
11053	11053	-0.0175755	-0.00120098	-0.0107931	-0.00285846	0.0323272	-0.0206939	0
11062	11062	-0.0130354	-0.00835372	0.0122293	0.0206625	0.015423	0.0383938	1
11069	11069	-0.0067656	0.00725749	0.00246303	-0.0109998	-0.0588264	0.0235293	1
11076	11076	-0.00920151	-0.00267702	-0.000910459	0.012325	0.0316901	0.00494331	1
11082	11082	-0.0161235	-0.00100508	0.00803396	0.0123227	0.00549719	0.00173242	0
11135	11135	0.0383363	0.00249212	-0.113967	-0.017317	-0.00130803	0.018172	1
1114	1114	-0.0209429	0.00148279	0.00513511	0.000843072	0.0193127	-0.00510929	0
1121	1121	-0.00301042	0.0114996	-0.00268583	-0.00132036	0.0233273	-0.00904985	1
1125	1125	-0.0171772	-0.00102275	-0.00183475	0.00622271	0.0088728	-0.0200106	0
1129	1129	0.000744369	0.00497979	0.00618458	0.00796424	0.0196216	-0.0089583	0
1131	1131	-0.0295839	0.00941611	-0.00574463	0.0176442	0.00789491	-0.015042	1
1133	1133	-0.0209566	-0.00680543	-0.00532127	0.00792747	-0.00913526	0.0136856	0
1134	1134	-0.011816	-0.00713659	0.000225936	0.0320584	0.00950077	-0.0131992	1
11377	11377	-0.00289946	-0.00514853	-0.0138763	-0.000740915	-0.0272792	0.0431879	0
11393	11393	-0.0150468	0.000145055	-0.0170765	0.0116609	0.0522504	-0.0155632	1
11396	11396	0.0162487	0.00067989	0.0162753	-0.0235294	0.0181756	-0.0103088	1
11397	11397	-0.0276547	-0.0183361	-0.0155705	-0.0171126	-0.00278331	-0.0427044	1
1142	1142	0.000317388	0.0114416	-0.00117724	0.00514668	0.0128543	-0.00459751	1
11458	11458	-0.00985111	-0.00352567	-0.00363629	-0.0293046	-0.0213369	0.0110783	1
11462	11462	-0.00910394	-0.0013539	-0.0169253	0.0248039	-0.0231426	-0.0430459	1
11493	11493	-0.00755869	-0.00610512	-0.0134924	-0.005286	0.0226998	6.01668e-05	1
11502	11502	-0.0200492	-0.00398547	-0.0151974	-0.010273	0.0280022	-0.0106451	1
11526	11526	-0.00864056	-0.00610876	-0.0119959	0.00690877	0.0216655	-0.0261647	1
11528	11528	-0.0161589	-0.00237543	-0.00588065	-0.00167754	-0.00521667	-0.0205546	0
11531	11531	-0.0192169	-0.0134086	-0.0101879	-0.0264959	0.00435497	0.00133754	0
11548	11548	-0.0119087	0.00225538	-0.0033221	-0.00722459	-0.0412575	0.0560309	1
11557	11557	-0.0102217	-0.00409047	0.0171557	-0.0252515	0.0311345	0.0183123	1
11562	11562	-0.012371	-0.0141474	0.00473452	0.0104281	0.0356703	-0.0020241	0
11584	11584	-0.00929527	0.00339438	-0.0143123	-0.00266521	0.0129403	-0.00839559	1
11585	11585	-0.0163258	-0.00249465	0.0105498	-0.0189374	0.0257075	-0.0113828	1
1163	1163	-0.0167536	0.00258315	0.00498772	-0.00157716	0.0231	-0.00667029	0
11643	11643	0.00405066	0.00527273	-0.0218718	-0.00856864	0.00916563	-0.00815911	0
1165	1165	-0.0178844	-0.00655772	0.00983024	0.00567702	0.0146482	-0.0060234	1
11700	11700	-0.011365	-0.0111865	0.00622248	0.0257531	0.0143569	-0.00690052	0
11753	11753	-0.0105956	-0.00859808	0.00759808	0.0250656	0.0117432	-0.0054599	0
1177	1177	-0.00905473	-0.00749777	0.00906662	0.000706813	-0.0027227	-0.00420201	0
11785	11785	0.0421163	0.00550579	-0.00125264	0.0078542	-0.0590304	-0.045737	0
11790	11790	0.0363513	0.0211098	0.0359059	-0.00837407	-0.0293076	0.0188905	1
11795	11795	-0.00949935	-0.00126542	0.0066127	-0.0122806	0.00457503	0.0114865	1
11796	11796	0.0250581	-0.00401609	0.00425765	-0.0215644	0.0384164	0.0377098	0
118	118	-0.0049949	0.00307947	-0.0128049	0.0198132	-0.0100825	-0.0279457	0
11828	11828	-0.0124366	-0.00677267	-0.0035308	-0.00569266	-0.0660094	0.0320391	1
1190	1190	-0.00462679	0.00539756	0.00165856	0.0185567	0.00662266	-0.0170422	1
1196	1196	-0.0159524	-0.00959072	0.00282734	0.0211913	0.00801584	-0.00967239	0
1209	1209	-0.0154155	-0.00136947	0.00288917	0.00527379	-0.00137894	-0.0214048	1
1214	1214	0.008286	0.00203935	0.0137936	-0.00136789	-0.0390959	0.00952127	0
1221	1221	-0.0263048	-0.00471187	-0.00842353	-0.00902941	-0.0322016	0.0121299	0
1227	1227	-0.0170534	0.00163798	0.0130972	0.0106641	-0.0127807	-0.0017628	0
123	123	-0.0189781	0.00206039	0.00188771	0.00310725	0.0145175	-0.0153682	0
1233	1233	-0.00564588	-0.00207628	0.00388521	-0.00298724	-0.0128672	0.00943502	1
1235	1235	-0.0129915	-0.00800839	0.00241276	0.00351486	-0.00486544	0.0074074	1
124	124	-0.0162821	0.00405109	0.00350862	-0.00416292	-0.00604747	0.00869977	1
126	126	0.0311326	0.00656322	0.0434049	-0.0182164	0.0391594	-0.0218795	0
1275	1275	-0.0161142	-0.00209838	-0.000844665	0.0256086	0.00497869	-0.00620107	0
1281	1281	-0.00982365	-0.00540533	0.0149288	-0.0061767	0.00100091	-0.00939787	0
1288	1288	-0.0179413	-0.00693188	0.00355143	0.0110718	0.0259776	0.0085434	1
1290	1290	0.0475876	0.00416016	-0.0419356	0.010447	0.0620632	0.0339913	0
13	13	0.0136811	0.0101075	0.0202254	-0.0178818	-0.0341066	0.0223136	0
1305	1305	0.0438464	-0.014331	-0.0906968	0.0233594	0.011728	0.0167124	0
1312	1312	-0.0236329	7.87934e-05	0.00535462	0.00916791	0.0104857	-0.00521657	0
1325	1325	0.0142399	0.00321948	-0.00188148	0.0379912	0.00647873	0.0290533	1
1341	1341	-0.016779	-0.002294	0.0109525	0.00254012	0.00229376	-0.000435449	1
1342	1342	-0.0218928	0.00507734	-0.00478254	0.00226579	0.0138617	0.0234203	0
1366	1366	-0.015954	0.00807382	0.0018314	0.0103859	0.00182389	0.00197315	1
1374	1374	-0.0164872	-0.00371645	-0.0039249	-0.0154336	-0.0416986	0.0170061	1
1379	1379	-0.0192558	0.00467327	-0.0160078	-0.00816107	-0.0253541	0.011647	1
1382	1382	0.0252596	-0.00227338	0.0474534	-0.00945909	0.0215285	-0.00926021	1
1384	1384	-0.0106142	-0.000735215	0.00455187	0.0124038	-0.00468747	0.0220169	0
1392	1392	-0.0146772	0.00125596	0.00447388	0.0055177	0.0289048	0.00926879	1
14	14	-0.0160239	0.00457622	0.0167944	0.0194011	0.0214594	0.00719165	1
1401	1401	0.00989447	0.00545591	0.028729	-6.7331e-05	-0.0073396	0.0131674	0
1404	1404	-0.019823	-0.0134248	0.00311289	0.00392014	0.0127268	0.00960581	0
141	141	-0.0177621	-0.00298552	0.0147584	0.00551671	0.019647	-0.00545588	0
1412	1412	-0.0216071	-0.00464713	0.00713246	-0.0109553	0.00578721	-0.00580462	1
1414	1414	0.0498626	0.0144028	-0.00303714	0.014527	0.0353302	0.020591	0
1420	1420	0.0390572	0.00927004	-0.00686197	0.00716698	0.0463425	0.00374221	0
1430	1430	-0.0100482	0.0040957	-0.0267421	-0.0330736	-0.0894141	0.0298608	0
1432	1432	-0.0155168	0.00606912	0.00468169	-0.0029059	0.00466248	-0.00617793	0
144	144	0.0960693	-0.00306683	0.00889846	-0.0185239	-0.0438342	-0.0933866	0
1440	1440	-0.0167663	-0.012299	-0.00364808	-0.00840947	0.00149122	-0.00930894	1
1442	1442	-0.0133124	-0.00392282	0.00982002	0.0136824	-0.00763343	0.00315205	0
1445	1445	-0.0152726	-0.0134019	0.0079934	0.0140911	0.0220944	-0.0203419	1
1446	1446	-0.014623	-0.00258226	-0.00411091	0.00887837	0.0117428	0.00246019	0
1447	1447	-0.0139014	-0.012172	-0.00221795	0.0171575	-0.00180914	-0.00930879	1
1459	1459	-0.0162081	-0.00482373	0.010609	0.0245717	-0.0167903	0.0051013	1
1462	1462	0.073244	0.0174138	0.0770983	-0.0166298	0.00149043	0.0417168	1
1465	1465	-0.0117323	-0.000984875	0.0113796	-0.00312475	-0.0122651	0.0128195	1
1466	1466	-0.019215	0.00459039	-0.00167114	0.00264349	0.0242009	0.0024334	0
1467	1467	-0.0201399	0.0149987	-0.0345194	-0.0166562	-0.116304	0.0520514	0
1470	1470	0.0388723	0.0055679	0.0329323	-0.00842036	-0.00837599	6.57824e-05	0
1494	1494	-0.0229603	-0.0144195	0.000789984	0.0135138	0.0039855	0.000183362	0
1499	1499	-0.0144168	-0.00128229	-0.000765313	-0.00662639	0.0301757	-0.00579444	1
1503	1503	-0.0190088	-0.00127427	0.0103815	0.0061761	0.00325021	0.00342679	1
1507	1507	-0.0183049	-0.00300218	0.00537045	0.011584	0.00719565	-0.00287528	0
1514	1514	-0.0203242	0.00101629	0.00736458	-0.00254045	0.0165538	-0.0249956	0
1515	1515	-0.0143432	-0.0188396	0.00158062	0.0120848	0.0133794	0.00649738	0
1521	1521	-0.0174694	-0.000793599	-0.00376909	0.00819997	0.0142926	0.00297307	0
1522	1522	-0.0174302	-0.00167951	-0.00269359	-0.00615336	0.00373891	0.0230642	0
1531	1531	-0.0177988	-0.00730231	-9.99546e-05	-0.00790701	0.00320691	-0.0185888	1
1537	1537	-0.0176086	0.00765962	-0.00621224	0.0240361	-0.00468479	-0.00647487	0
1564	1564	0.0606898	0.0138163	0.0341384	0.0247283	-0.00796503	-0.0244068	1
1565	1565	-0.00646491	-0.0028297	0.00596572	0.0081428	0.0404928	-0.00433764	1
1568	1568	-0.0114927	-0.00810406	-0.0047442	0.0156534	0.0117332	-0.000451841	1
1573	1573	-0.020531	-0.00233945	-0.00479309	0.013151	0.00278997	0.0090198	0
1578	1578	-0.0152472	-0.00324476	-0.000930152	-0.0092283	0.0185492	-0.0132114	0
1588	1588	-0.0184258	-0.00109539	-0.00380369	0.0188914	0.0057489	0.00632274	0
159	159	-0.0177246	0.00915074	0.000944471	0.0156373	0.0143104	-0.0111827	1
1593	1593	0.133462	0.00207606	0.0189199	0.0076245	0.0538616	-0.0332565	0
16	16	-0.0135155	-0.0040746	0.000944365	0.00572794	-0.0180447	0.00664463	0
1600	1600	-0.022576	-0.00147719	-0.00340765	0.00955689	-0.000680913	0.000950842	0
1610	1610	-0.0198619	-0.0096316	0.000742422	0.0053883	0.0212061	-0.0208422	1
1615	1615	-0.0201807	-0.00605638	0.00384646	0.0109131	0.0022343	-0.00228391	0
1623	1623	-0.0133262	-0.01109	0.00172988	-0.00412307	0.0129894	-0.0078406	0
1626	1626	0.0262354	0.00997309	0.0205557	0.00338478	-0.00365458	-0.00401343	1
1627	1627	-0.012949	-0.00340276	0.00852086	0.0173016	0.0145069	0.00442739	0
1631	1631	0.00559241	0.00253782	0.00977022	-0.00896793	0.012779	-0.00878088	0
1641	1641	0.086561	0.0110977	0.0727285	0.00368935	-0.0284419	0.0391753	0
1653	1653	-0.010898	-0.00797534	0.00327094	-0.00634539	-0.00782609	0.013241	1
1658	1658	-0.00329002	0.000843938	-0.00225543	-0.00386199	-0.0218503	0.0169471	0
1664	1664	-0.00441064	-0.00884853	0.000232517	-0.00234292	0.00447688	0.00257338	1
1668	1668	0.000177733	0.00591264	-0.0435146	-0.0394548	-0.10195	0.014073	0
1669	1669	-0.0151721	-0.00671872	0.00230537	-0.00760202	0.0254008	0.0107943	1
1685	1685	-0.0202393	-0.0113488	-0.0101311	0.00705247	0.0056165	0.00249255	1
1686	1686	-0.0128867	0.00815072	-0.00687761	0.00431396	0.0192878	0.00663343	0
1695	1695	0.0920384	-0.00521318	-0.120831	0.057768	0.0837837	0.11825	1
1697	1697	-0.00705378	0.0111303	-0.00214682	-0.0260573	-0.0614726	0.0206059	1
1699	1699	0.0152361	-0.000872304	-0.0116775	-0.0172018	-0.0792518	0.035358	1
17	17	-0.027826	-0.0103904	-0.0119739	0.0182417	0.0340956	-0.0150659	1
1702	1702	-0.00554019	-0.00543015	0.0100862	0.0179531	-0.00645181	0.00316661	0
1705	1705	-0.00714787	0.00858067	-0.018756	0.0408929	0.015949	0.00253067	1
1707	1707	0.0177922	0.0107401	0.023195	0.018982	0.0129109	-0.0137885	0
1712	1712	-0.0199686	-0.0124938	0.0011682	-0.00299661	0.00173068	-0.0245896	1
1717	1717	0.0023327	0.0117411	0.0179619	-0.013069	0.00242571	-0.00987984	0
1718	1718	-0.0151316	-0.00752073	-0.000805357	-0.00568504	0.021154	-0.000936275	0
1720	1720	-0.0179085	-0.00738068	-0.000989376	-0.00432165	0.00721937	0.0166899	0
1723	1723	-0.00106477	-0.0122357	0.00492089	-0.000806744	0.0288527	-0.0107073	0
1727	1727	0.0953497	-0.000139664	-0.00499518	0.0135845	-0.0392029	-0.0915844	0
1742	1742	-0.0215734	-0.00917737	0.00644568	0.016766	0.00223268	-0.00798791	1
1743	1743	-0.00711459	-0.00839874	0.0102898	-0.00096618	0.00142157	-0.00283654	1
1745	1745	-0.0198602	-0.0016909	-0.00581215	0.00240745	0.00177288	0.00178771	0
175	175	0.00347259	0.00257452	0.000229571	-0.0196182	-0.0596015	0.00191535	0
1759	1759	-0.0126809	-0.0140365	0.00238176	0.00460404	0.0134608	-0.012036	1
1763	1763	-0.00922151	-0.0023566	0.006949	0.012069	0.00056687	-0.011856	0
1764	1764	-0.0182721	0.00455378	0.00538957	-0.00233327	0.00312757	-0.00989199	0
177	177	-0.00826344	-0.00148889	-0.00362881	-0.00997355	0.0150011	-0.016732	0
1776	1776	-0.0139236	-0.00753926	0.00311834	-0.00250239	0.0316944	0.00205229	0
1778	1778	0.0756194	-0.00779683	0.0629272	-0.00355877	-0.00350594	0.039567	0
1784	1784	0.0111935	0.0139311	0.0184902	0.0040805	0.0139136	-0.0167267	0
1785	1785	-0.011659	0.00751009	0.000173386	0.00236076	0.00867729	-0.00934484	1
1788	1788	-0.0172674	0.0100898	-0.0182291	-0.00921823	-0.0968152	0.0139926	0
1790	1790	-0.00728364	-0.00219975	0.0102617	0.0150261	-0.0243733	-0.00536136	0
180	180	-0.0150494	-0.00416994	0.00181146	0.00181556	-0.00548869	0.0135901	0
1802	1802	-0.0114419	-0.0110516	0.00516504	0.0032555	0.0196217	0.00239198	0
1808	1808	0.0275687	-0.0059733	0.0194071	-0.00254509	0.0356026	-0.0223785	0
1810	1810	0.0393494	-0.00252958	-0.0269493	0.00396031	0.00641611	-0.00778349	0
1811	1811	-0.0219214	0.00389707	-0.00662524	0.00751345	-0.014387	-0.0085011	0
1813	1813	-0.021252	0.0124001	-0.00582754	-0.015826	0.0169418	-0.0241893	0
1814	1814	-0.0212657	0.0099535	-0.00484542	-0.00888039	0.0105565	-0.0216131	0
1815	1815	-0.0102837	-0.0040221	0.00873695	-0.00569803	0.00246507	-0.0204031	0
1822	1822	-0.017042	0.00873212	-0.0126087	-0.00941368	0.0195579	0.0124648	1
1825	1825	-0.0193744	-0.00717315	0.00466329	0.00828937	0.0149522	0.0252827	0
1827	1827	0.0750804	0.00160441	-0.0489457	0.0205478	0.076776	0.0597894	0
1833	1833	-0.017467	-0.0110788	0.0108319	0.00331955	0.00042845	-0.00426938	1
1841	1841	-0.0189504	-0.00111579	0.000423033	0.00583291	0.0244336	0.0142029	0
1853	1853	-0.00627462	0.000877804	-0.0213027	0.0229725	0.0141855	0.02029	0
1858	1858	-0.0107475	-0.00846088	-0.0131026	-0.0249816	0.0133837	0.0140125	1
187	187	-0.0308271	-0.00363322	-0.00791632	-0.0129382	-0.0060449	-0.0483807	0
1875	1875	-0.0200824	-0.00667156	0.0112646	0.00953952	0.00935231	-0.0037923	1
1876	1876	-0.0115135	-0.00843084	0.00657221	0.00949132	0.0310114	-0.00451235	1
1887	1887	-0.0155228	-0.00381933	0.0146926	-9.84667e-05	0.00467549	-0.0131739	0
1889	1889	-0.00334661	0.00251565	0.00917542	-0.0215185	-0.0471428	0.012618	0
189	189	-0.0131963	0.00387501	-0.00045916	0.0015189	-0.00328904	-0.00635326	1
1892	1892	-0.0150191	-0.00148043	-0.000461614	-0.0172999	0.00501388	0.00643894	1
1901	1901	-0.0177287	-0.00162922	0.00433773	-0.0205849	0.0193165	-0.0158017	0
1902	1902	0.017098	0.0100166	0.0146192	0.000168176	0.000844155	-0.01129	0
1903	1903	-0.0176704	-0.00972562	0.00204054	0.0064042	-0.0307341	-0.00222748	1
1904	1904	-0.0131559	-0.000761063	0.000820564	-0.0122981	0.00976721	-8.68586e-05	0
1958	1958	-0.0190831	0.00876431	0.00924452	0.00894215	-0.00734189	0.00177634	0
1963	1963	0.103555	-0.00490623	0.105205	-0.0168388	-0.00393258	0.0647964	0
1968	1968	-0.00872758	-0.00493528	0.00401142	0.0188049	0.0311125	-0.00789376	1
1970	1970	-0.0200538	0.00155277	-0.00613521	0.00069472	-0.016284	0.0160185	1
1975	1975	-0.00183152	0.00446939	0.0104284	-0.00140755	-0.00734012	-0.00543691	0
1980	1980	-0.017681	-0.00363374	-0.00281212	-0.00155773	0.00623234	-0.00412939	0
1984	1984	-0.0160738	0.0139384	0.00752025	3.31943e-05	0.00133635	-0.00324834	1
1985	1985	-0.0203571	-0.000111178	0.00472617	0.00486259	-0.00659103	-0.0168102	0
1991	1991	-0.0080504	-0.00196046	-0.00471487	-0.000717576	0.0143547	-0.0252336	1
1992	1992	-0.0181878	-0.0103507	0.00611553	-0.00622372	0.0115018	0.00331801	1
1993	1993	-0.00763497	-0.00187894	-0.0183067	0.0302719	0.0323552	0.000968318	0
1996	1996	-0.00942406	-0.00393178	0.0121067	-0.00344921	0.0093535	-0.0202238	1
200	200	-0.00619623	0.00148956	0.00791855	-0.00576601	-0.0142174	0.00717142	0
2000	2000	-0.0147595	0.000893656	0.00806144	-0.0113139	0.0257471	-0.0162939	1
2001	2001	-0.0197819	-0.0109458	-0.00342406	-0.00598853	0.0187189	-0.0157427	0
2004	2004	-0.0219477	-0.00775769	-0.00540348	-0.00780424	0.0215729	-0.00751983	1
2006	2006	-0.0162307	-0.0025295	7.47254e-05	0.00252831	0.0281513	-0.000794849	1
2008	2008	-0.0107733	0.000470035	0.00822355	0.000780414	-0.0168789	-0.0152997	1
2009	2009	-0.0154789	-0.00202921	-0.00229231	0.00604614	0.018578	-0.000413711	1
2013	2013	-0.0189335	-5.21487e-05	-0.00212616	-0.00511487	0.0193255	-7.53069e-05	0
2018	2018	0.0835912	-0.00181187	-0.14022	0.0212637	0.0790989	0.091038	0
202	202	-0.0140541	-0.0185664	0.0011061	-0.00956481	0.00172101	0.0136191	0
2022	2022	-0.0178629	-0.0128969	0.0100561	-0.0113018	0.0199938	-0.00227467	1
2023	2023	-0.00942323	-0.00217583	0.00538111	0.0101419	0.00809358	0.017611	1
2024	2024	-0.0121758	-0.00137752	0.00858432	0.0168733	-0.00901096	0.00974771	0
2025	2025	-0.0116623	-0.0123125	0.00240195	-0.00403822	-0.000913026	0.00960773	1
2030	2030	-0.0123019	0.00157044	-0.00201257	0.000626469	-0.00480449	-0.015695	1
2034	2034	-0.00495136	-0.000422153	0.00431861	0.00696226	-1.43768e-05	0.0094646	1
2039	2039	-0.00325191	0.00162359	0.0172827	-0.00835506	-0.00348969	0.00567554	0
204	204	0.0219228	0.00288566	0.0211329	-0.00507426	0.0228499	-0.00601831	0
2042	2042	-0.0229751	0.00393182	0.0105383	0.0252088	0.00627224	-0.0106026	0
2048	2048	-0.0233472	-0.00747154	0.00314324	-0.00918924	0.0170985	-0.0135623	1
2050	2050	-0.0117973	-0.004884	0.00964377	0.0158461	0.000611854	-0.0247114	1
2052	2052	-0.0120191	-0.0111872	0.00274011	-0.00735382	0.00869931	0.00419923	1
2055	2055	-0.014106	0.00375849	-0.00456872	0.00651201	0.00594029	-0.0390085	1
2056	2056	-0.018763	-0.000130031	0.000720864	0.00811379	-0.0153917	0.0085395	0
2064	2064	-0.0175376	-0.00551639	-0.00562543	0.0130752	0.013622	-0.0147899	1
2067	2067	0.030145	0.00494276	-0.064955	-0.0018436	-0.0274249	0.0366678	0
207	207	0.0741506	-0.00948548	0.0656065	0.0058847	-0.00966916	0.0417048	0
2074	2074	-0.0257783	-0.0149498	0.0076006	-0.00815048	0.00694716	-0.0232393	0
2076	2076	-0.010544	-0.0165288	0.000778456	-0.00948433	0.019087	-0.0134546	0
2077	2077	-0.0146031	0.000447812	0.00701533	-0.00140378	-0.0106187	-0.00155657	0
2080	2080	0.0163388	0.0166119	0.012673	-0.0186942	-0.0642499	0.0352824	0
2083	2083	-0.00506786	-0.00388258	-0.0217864	-0.0104431	0.0285874	-0.0190053	1
2090	2090	-0.00459652	-0.0110185	0.004877	0.0401551	0.000420434	0.0105541	1
2096	2096	-0.0172458	-0.0043821	0.00474245	0.0124188	0.0304395	-0.0111775	1
2099	2099	-0.0165224	0.00104086	-0.00208161	-0.00965668	0.0269887	-0.0101186	1
210	210	-0.0135026	0.0099737	0.010707	0.00169466	-0.0156511	-0.0167533	0
2116	2116	-0.0167721	0.00870667	0.0014591	0.0159452	-0.0122515	-0.0112608	1
215	215	-0.0245651	-0.00156816	-0.00138852	0.0245779	-0.0120267	-0.0133235	0
2151	2151	-0.0287139	-0.00869127	0.00404245	-0.012834	-0.00439023	-0.00952674	0
2153	2153	0.0742057	-0.00724929	-0.0726306	0.000713221	0.0249406	0.0171328	0
2158	2158	-0.0195765	-0.00629502	0.00689688	0.00119394	-0.000720358	0.0115219	1
216	216	-0.0165531	0.0059584	-0.00644124	-0.0106329	0.00814243	0.00580467	0
2162	2162	-0.0127901	0.0132259	0.0056085	-0.00618388	-0.0460155	-0.00321596	0
2166	2166	-0.0141628	-0.000684831	0.00101242	0.0120984	-0.0135151	0.00143	1
2177	2177	-0.00463254	0.00512507	0.002881	0.00350055	0.0104279	-0.00563827	0
2183	2183	-0.0141771	0.0027401	0.00972955	0.00522926	0.0125213	-0.00723569	0
22	22	-0.0161669	-0.010796	-0.00193799	-0.00913673	-0.0193021	-0.0189989	0
2202	2202	-0.0202667	-0.00423251	0.000550579	0.00294307	-0.00124379	0.00547002	1
2212	2212	-0.019882	-0.000219245	-0.00822267	0.0071888	0.00855703	-0.024687	0
2214	2214	-0.0216621	0.00195788	0.00129503	0.0167342	0.0251465	0.00707543	0
2217	2217	-0.0147811	-0.00261015	0.00296852	0.00414005	0.0168988	-0.00142649	0
2236	2236	0.00966733	-0.00322695	-0.0618064	-0.0127132	0.00741844	0.0234673	1
2238	2238	-0.00611501	0.00472451	0.0147323	0.00539763	-0.000107755	0.000672604	0
2249	2249	0.0383306	-0.017938	0.0360642	0.00546142	-0.0160579	0.0172267	0
2274	2274	0.0098727	-0.00443339	0.0298898	0.0011194	3.39412e-05	0.00921723	0
2276	2276	-0.0105951	-0.00317093	0.00453011	-0.000146405	0.0320948	0.01109	1
2278	2278	-0.00116125	-0.006016	-0.0194357	0.0235976	0.0165079	-0.0170227	1
2279	2279	0.0320345	0.0113933	-0.0484604	0.0379531	0.0398767	0.000982995	0
2288	2288	-0.00950442	-0.00770937	0.00170878	0.00883306	0.0137025	0.0145378	0
2291	2291	-0.0199639	-0.0142042	0.00451408	-0.00371892	0.000759124	0.00407429	0
2297	2297	0.0318174	-0.0117952	-0.0878598	-0.00221015	-0.0441015	0.0379598	1
2307	2307	-0.0151548	-0.0023433	0.00382014	-0.00561399	-0.00259503	0.00605107	1
2314	2314	0.0148874	0.00717876	0.0201822	-0.002953	0.00900555	0.0162017	1
2329	2329	-0.0241291	-0.00555271	-0.0233605	-0.00548774	-0.048478	-0.012473	1
2334	2334	-0.0132618	-0.00308926	0.00704075	0.00622433	0.00910179	0.00486096	0
2339	2339	-0.0213543	0.00311592	0.000358045	-0.000745746	0.0242416	-0.0239003	1
2350	2350	0.0261886	0.00146883	0.0315805	-0.0119674	-0.0400987	-0.00916165	0
2356	2356	-0.0130167	-0.0137659	-0.00515764	-0.00792565	0.0145962	-0.00312329	1
2361	2361	0.0027261	-0.00986989	0.00927522	0.000601181	-0.027758	-0.00419543	1
2362	2362	-0.00911031	0.0126515	-0.0431387	-0.0207688	-0.087418	0.0309818	0
2367	2367	-0.0115727	-0.0133915	0.000231247	-0.0146949	-0.0234757	0.0134381	0
2371	2371	-0.0147903	-0.00310818	0.00280914	0.0187315	0.0164268	-0.00192247	0
2385	2385	-0.0148981	-0.00261682	0.00678572	0.00694635	0.0237235	-0.0069292	0
2402	2402	-0.00951798	0.00755392	-0.00581509	-0.0141104	-0.0267086	-0.00169518	0
241	241	0.0102688	-0.00183933	0.0166642	0.0108306	0.0209798	-0.020364	0
2412	2412	-0.00320712	5.37362e-05	0.0149306	0.00895899	0.0106177	0.0173754	1
2421	2421	-0.0191833	0.00522702	-0.0283012	-0.0299725	-0.108383	0.0183836	0
2453	2453	-0.0194819	-0.00499842	-0.00158679	-0.003367	0.0124163	-0.00130056	1
2454	2454	-0.0124688	0.0165806	-0.00659462	-0.00764455	-0.0385857	0.0274401	1
2455	2455	-0.00869694	0.00955642	0.0138221	-0.00113183	0.0120404	-0.00476084	1
2456	2456	-0.0214589	-0.00164076	0.00389485	-0.00595006	0.0181487	-0.0382961	0
2457	2457	0.00193652	0.00345955	-0.00409612	-0.000205659	-0.03919	0.0166282	0
2498	2498	-0.0182909	0.000585608	0.00847715	0.01885	0.00352797	0.0102351	0
251	251	0.0200922	0.00717818	0.0261567	-0.0226278	-0.0465604	0.0168845	1
2510	2510	-0.0155072	-0.00359368	0.00785039	0.00767747	0.00827862	-0.0174479	0
2512	2512	-0.0133191	-0.00846824	-0.00721408	0.00548644	0.00773285	0.006804	1
2516	2516	-0.0128485	-0.0115494	0.00733316	-0.003526	0.0173462	-0.00228571	1
252	252	0.0116165	0.00877058	0.0127436	0.0177554	0.00762969	0.0205189	0
253	253	-0.00719409	0.00101647	0.00109956	0.00395488	-0.0358344	0.000727257	0
2535	2535	0.109798	0.0182634	-0.104133	-0.0214927	-0.0587279	-0.174585	0
2542	2542	0.0267208	0.0119814	0.0243653	-0.00471029	0.0200305	-0.0116029	0
2554	2554	-0.0141612	-0.0058349	0.00425789	-0.0174811	-0.00156917	-0.009499	1
2557	2557	-0.0129668	-0.00452688	0.00120338	0.0209405	0.0282253	-0.00673333	0
2558	2558	-0.0240458	-0.000601818	-0.00323844	0.0139731	0.0147636	-0.00154503	1
2568	2568	-0.0103812	-0.00163997	-0.00414211	-0.0104633	0.00883635	-0.0349219	0
2576	2576	0.0623568	0.0100165	0.0596116	-0.00321279	-0.00692284	0.0462845	1
26	26	-0.00944083	-0.00415298	-0.020325	-0.00326822	-0.010998	-0.00763562	0
2616	2616	0.104964	0.0176585	-0.114866	-0.00876901	-0.0864674	-0.169743	0
262	262	0.0696778	0.0166749	-0.103396	-0.0128591	-0.0913344	-0.125216	0
2628	2628	0.0938442	0.00104236	0.0229854	-0.00102435	-0.0238243	-0.0872716	0
2633	2633	-0.0178373	0.00221313	0.00101475	-0.00839199	0.0201947	-0.022141	0
2635	2635	-0.013198	-0.00513976	0.00293719	-0.00625443	0.0127385	-0.00188291	1
2648	2648	-0.0141693	0.00625736	0.010465	0.024512	0.0109004	-0.0131292	1
266	266	-0.0120275	-0.00158053	0.000533498	0.00441774	-0.0175317	0.0104499	0
2660	2660	-0.0168126	-0.00748611	-0.0202208	3.51907e-05	0.000361777	-0.0169676	0
2676	2676	-0.0178563	-0.00363399	-0.00239054	-0.0042402	0.0186167	-0.00734766	0
2677	2677	-0.0159115	0.00812545	0.00771388	0.0119516	0.00258764	-0.00187984	0
268	268	0.00422179	0.00426516	0.0223509	-0.0162933	0.0304708	5.3563e-05	1
2681	2681	0.000253487	0.00339117	0.0128724	-0.0214625	-0.00627931	-0.000352569	1
2687	2687	-0.0180469	0.00682699	0.000917577	-0.00759132	-0.00185473	0.0048863	0
2692	2692	-0.0163568	-0.00553642	0.00341593	-0.00225949	-0.00417372	0.008696	0
2702	2702	-0.0126286	0.00371713	-0.00637357	0.00424068	0.012408	-0.006105	0
2707	2707	-0.017847	-0.0105794	0.0133789	0.0144101	0.00280801	-0.0117912	0
2718	2718	-0.0180897	0.00146521	-0.0103725	-0.00509409	-0.0389884	0.0161441	0
2720	2720	0.00147236	-0.00162078	0.01077	0.0230685	0.0266436	0.00902626	1
2725	2725	0.106608	0.0147562	0.037347	-0.0192032	0.00230029	-0.0606103	0
2739	2739	-0.0101502	-0.00198534	0.00521209	-0.0139347	0.0191994	0.00996663	1
2740	2740	-0.0122983	-0.00693016	0.00671961	0.00417451	0.0151169	0.00344796	0
2751	2751	-0.0128811	-0.0157022	0.00681943	0.00634717	0.0264266	0.00239439	0
2755	2755	-0.0171309	0.00413238	0.00342827	0.0034117	-0.000737555	-0.00698914	1
2759	2759	-0.0146631	0.00231157	0.00627222	-0.00560931	-0.00013082	-0.00667346	0
276	276	0.0117669	-0.00065543	0.0250084	-0.0259948	0.019971	0.0224351	0
2764	2764	0.010108	-0.00217152	0.00684669	0.00221741	0.0184536	-0.0115272	0
279	279	-0.0116061	0.0133071	0.00455127	-0.00834015	0.012673	0.00615159	1
2794	2794	0.0913152	0.00541028	0.0812079	-0.0173291	-0.0150774	0.0494513	0
2797	2797	-0.0117409	0.0026806	0.0101296	0.00632133	0.0130878	-0.023561	0
2826	2826	-0.0135611	-0.00864298	0.00532255	-0.0250333	0.0214869	0.00657853	0
2841	2841	0.0050774	0.00549433	0.0179099	0.00831628	0.0159068	-0.0182888	1
2849	2849	0.0534586	0.00523981	0.00760163	-0.00626646	-0.0236461	-0.0329587	0
285	285	-0.0142164	-0.00529443	0.0040465	-0.00478002	0.0143356	-0.0127127	0
2858	2858	-0.0251541	-0.00552476	-0.00136533	0.00245268	-0.0116196	-0.00245645	1
2860	2860	-0.0114503	-0.0015035	0.00252025	-0.0159785	-0.017702	-0.00128277	0
287	287	0.101304	0.0146366	0.0464804	-0.0177448	-0.00432749	-0.0763819	0
2874	2874	-0.0130564	-0.00365785	-0.000811342	-0.0185305	0.0142413	-0.00174761	0
2881	2881	-0.0239124	0.000580937	0.00307687	0.0106581	0.0116252	-0.0010825	0
2886	2886	-0.0146789	-0.00450457	-0.006337	-0.00692317	-0.0186762	0.00852341	1
2890	2890	-0.0167561	0.000421724	0.00349884	-0.0122759	-0.00164873	0.00840159	0
2891	2891	0.0121113	-0.00245744	0.0156103	0.0267525	0.040128	0.0443848	0
2898	2898	-0.00554792	-0.00259659	0.00772256	0.0103083	0.0157618	0.00334348	1
2901	2901	0.0952164	0.0135927	0.0734414	0.0293018	-0.0238316	0.0312253	0
2907	2907	0.0150808	0.00994568	-0.0190686	0.0103247	0.00275269	-0.037908	0
2920	2920	0.0124076	0.00804166	0.00644138	0.00445476	-0.0244769	0.0175411	0
294	294	-0.0232793	-0.00401191	0.0127262	0.0140314	0.0145584	0.0143309	0
2949	2949	0.113173	0.00439639	0.0146442	0.00579902	0.0191659	-0.0325613	0
295	295	-0.00774567	-0.0161688	-0.00419526	-0.00324913	-0.00444737	0.0202414	0
2958	2958	-0.0106914	0.00874627	-0.00552394	-0.0114412	0.00416942	0.0055259	1
296	296	-0.0221154	0.00811659	-0.00251598	-0.00505237	0.0130444	-0.0269075	0
2964	2964	-0.0169629	0.000419892	-0.0086356	-0.00606258	0.0147239	0.003486	1
2969	2969	-0.0196096	-0.00760545	-0.00510548	0.0094076	0.0167982	0.0123388	1
298	298	0.126716	0.00135362	-0.129057	0.0279977	0.0491455	0.00227952	0
2980	2980	0.0803203	-0.00190117	0.0785388	-0.00807081	-0.0140303	0.0650174	0
2990	2990	0.00518314	-0.0079879	0.0091021	-0.00940528	0.0252294	0.00076462	0
2998	2998	-0.0162705	0.00124922	-0.00352792	-0.00840513	-0.0236972	-0.00911293	0
3004	3004	0.0901981	0.00829447	0.081072	-0.00592635	-0.0102524	0.0339866	0
3018	3018	-0.0158065	-0.00733888	0.00860034	-0.00200761	0.00793941	-0.00512617	0
3034	3034	-0.0115591	0.000730333	-0.000695312	-0.0142159	-0.0156478	-0.00699052	1
3046	3046	0.00406326	0.000890758	-0.00471502	-0.0234407	0.00456441	-0.0142227	1
3069	3069	-0.020562	-0.0121675	-0.0171676	-0.00802616	0.000499169	0.00261714	0
3078	3078	-0.0132294	-0.0104015	-0.000217407	0.0149168	0.0127851	-0.0129999	0
3080	3080	0.0187723	0.00933113	0.031319	0.0128466	-0.0101881	0.00111164	1
3085	3085	0.131231	0.00914029	0.0172765	0.0380234	0.0317814	-0.0647191	1
3090	3090	-0.0202912	-0.00460317	0.000854337	-0.00140851	-0.0146222	-0.00298308	1
3104	3104	0.0359981	0.00556988	0.0306285	0.000275485	-0.0113634	0.0285185	1
311	311	0.0306212	-0.0101985	0.0217402	0.0161172	0.0423733	-0.000132289	1
3111	3111	-0.0145233	0.00496995	-0.00103196	-0.00637043	0.0166391	-0.00292889	1
3113	3113	-0.0170859	-0.0201157	0.0115466	-0.00137451	0.00230305	-0.00157028	1
3129	3129	-0.0132403	-0.00714384	-0.00876609	-0.026829	-0.0135896	-0.00456994	1
3130	3130	0.0121455	0.0212288	0.00240033	-0.00509154	-0.0477637	0.0477685	0
3137	3137	0.0362207	0.000321463	0.0271884	-0.0138175	-0.0134018	-0.0221601	1
3140	3140	-0.00395303	-0.00606703	-0.00136118	-0.0209315	-0.0663172	0.0293376	1
3145	3145	-0.00965432	-0.000866657	0.00621055	-0.000741934	0.0144117	-0.0163718	1
3158	3158	0.00188092	-0.00536191	0.0209746	-0.0126465	0.00362622	-0.00210889	1
3167	3167	-0.00978811	0.0105178	0.0155975	0.00406363	0.00424781	0.0112648	0
3176	3176	-0.0223498	0.016075	0.000986912	-0.00704033	0.0178187	-0.0132221	1
3179	3179	-0.0258297	-0.0012356	0.0057787	0.00275553	0.0284252	-0.0194425	1
319	319	0.0397591	-0.0033794	0.0482652	0.00768274	0.0169729	0.0322623	1
3193	3193	0.0886923	0.0115397	0.0766741	-0.0122262	-0.0521592	0.0303879	1
3196	3196	0.0300688	-0.0070101	0.0390969	0.0119114	0.0114897	-0.00423917	1
3197	3197	-0.00787744	-0.00268347	0.0154131	0.0130697	-0.0051892	-0.0224992	0
3206	3206	-0.0104463	-0.00127945	-0.0023916	-0.000837611	-0.000715224	-0.00578458	0
3211	3211	-0.00301614	-0.00641675	0.0172039	0.0222751	0.00824717	0.00176507	0
3216	3216	-0.0148036	-0.00888895	-0.014742	0.00902643	0.00473041	-0.0288733	1
3227	3227	-0.0252337	-0.00350732	-0.0128615	0.00443271	-0.016066	-0.0108207	0
323	323	0.0330253	0.00176374	0.0347781	0.014062	-0.0238183	0.013771	0
3244	3244	-0.0111811	-0.00269407	0.011159	0.0173399	-0.00537665	-0.0178897	1
3248	3248	-0.00473985	-0.00713006	0.00638918	0.00491135	-0.0128768	-0.0104207	1
325	325	0.0324079	0.00931772	0.016626	0.0236634	0.0313146	0.0208518	0
3257	3257	-0.000526226	0.00475906	0.0125951	-0.0169903	-0.00215925	0.0135919	0
3265	3265	-0.0156381	-0.00331996	-0.0162192	-0.0121272	0.00529284	-0.000472052	0
3275	3275	-0.00430803	0.0112911	-0.022543	-0.0264789	-0.0735008	0.0090284	0
328	328	0.0279203	-0.00674184	0.0215488	-0.0307645	-0.00246333	-0.0119095	0
3280	3280	-0.00833741	0.0086296	-0.000932779	-0.00904527	0.0269477	-0.0183142	1
3289	3289	-0.0131024	-0.00214067	0.0070576	-0.0254409	-0.0182992	0.00831772	1
330	330	0.00817045	0.0012102	0.0298143	0.000425774	0.0236745	0.0116927	0
3304	3304	-0.0108526	0.00340561	0.00600651	0.0180845	0.00641066	-0.00856226	0
3306	3306	0.0129108	0.00933489	-0.0102226	-0.0102869	0.00117224	-0.00643882	0
3320	3320	-0.0166089	-0.0146118	-0.00560968	0.00231164	0.00784659	0.00238992	1
3321	3321	-0.00556175	-0.00577887	0.0135449	-0.00332139	-0.000960548	-0.00677703	1
3324	3324	0.00324944	-0.00521222	0.0215623	-0.00066596	0.00409721	-0.0022101	1
3326	3326	-0.0194183	0.0131253	0.00202044	0.00876268	0.0111303	0.000221255	1
3335	3335	0.121556	0.00519538	-0.0910532	0.0198554	-0.0514596	0.0698228	0
3340	3340	-0.00173725	0.0127926	-0.00370262	-0.0452752	-0.0556572	0.0385841	0
3341	3341	-0.0195188	-7.83436e-05	-0.0096295	-0.0118056	0.0253202	-0.004051	1
3343	3343	-0.0176789	0.00108928	0.00703097	0.0157523	0.00564809	0.0161915	1
3344	3344	-0.0170396	-0.0125607	0.0024077	6.001e-05	0.0141247	-0.00191017	0
337	337	-0.0181647	-0.00842301	-0.000919234	0.00411242	-0.000514124	-0.00606034	0
3381	3381	-0.0217009	-0.00259952	-0.00790887	-0.00319149	-0.000663616	-0.00890378	0
3394	3394	0.0531866	0.00315529	0.0562983	0.00363453	0.00777622	0.037793	0
3399	3399	0.0579063	0.0128504	0.0358489	-0.0200161	0.0328182	-0.0137143	0
3404	3404	-0.0166898	0.00155139	0.00876779	0.0059037	0.00670864	-0.017679	0
341	341	-0.0216164	0.00303557	0.008704	0.0197352	0.00731735	-0.0227603	1
3415	3415	-0.00981403	0.00547603	0.00614453	-0.0103661	-0.00133911	0.0190096	0
3417	3417	-0.012299	0.0055049	-0.0399433	-0.0363039	-0.112773	0.0326096	0
3422	3422	-0.0106585	0.00239678	-0.00825602	-0.0122427	-0.00220141	-0.000265151	1
3449	3449	-0.0102704	0.00121971	-0.0296249	0.0155575	0.00590974	-0.032951	1
345	345	-0.0101569	0.0064609	-0.000140266	-0.00334408	0.0050803	-0.0164307	1
3454	3454	-0.0164588	-0.00255473	-0.0168056	-0.0423086	-0.0720682	0.0435421	0
3468	3468	0.0669772	0.0122615	0.00134404	-0.0310892	-0.0226748	-0.0621963	0
347	347	-0.0178798	0.007555	0.000475547	0.0206465	0.00168393	0.0115915	1
3478	3478	-0.0149371	-0.0117305	-0.0153351	-0.0132181	-0.0951928	0.0154217	1
3486	3486	0.00880432	-0.00293264	0.0044572	0.0129365	0.0027239	0.00732567	1
3489	3489	-0.0225733	0.00360756	-0.00771669	0.00408975	0.00635147	-0.0102844	1
349	349	-0.0140822	0.00160922	-0.0191348	-0.0306571	-0.0865679	0.0215943	0
3494	3494	-0.00304518	0.00413107	-0.0055014	0.000503348	-0.0086194	0.00208555	0
3499	3499	-0.01231	0.01089	0.00404976	0.00655637	0.0107256	-0.0091725	0
35	35	-0.0173445	0.00386447	-0.0161536	0.0172215	0.0346259	-0.0653127	0
3531	3531	-0.0166832	0.00314054	-0.00076183	-0.00323583	-0.00402952	-0.0115172	1
3532	3532	-0.0162923	0.00880195	0.0135162	0.00078682	0.0117246	0.00570397	1
3543	3543	-0.0101453	0.00362948	-0.00828081	0.00296774	-0.0431069	0.0311215	0
3547	3547	-0.00530663	-0.00266547	0.00343905	0.00261842	-0.000150341	0.00249218	1
3559	3559	0.0837387	0.0128456	-0.0196547	-0.0142318	-0.00628025	-0.0312388	1
3569	3569	-0.0210024	0.00284057	0.00303411	0.00820011	0.0119464	-0.0167992	0
3582	3582	-0.0137714	-0.00514696	-0.00101118	0.0146837	-0.0128416	-0.0144424	1
3598	3598	-0.0233855	0.00288551	0.000999303	0.00912611	0.0114842	-0.0122629	0
36	36	0.0127711	-0.00815779	0.00683485	-0.00507792	-0.0230404	0.0590915	0
3605	3605	-0.00383116	0.00766017	0.00839854	0.00699022	0.00504252	-0.0117104	0
3611	3611	-0.0213042	-0.00938958	-0.00836406	0.00370061	-0.00865218	0.00459459	0
3615	3615	0.0907398	-0.00713254	0.00941134	-0.0181845	-0.014134	-0.0828652	1
3622	3622	-0.0223764	-0.00466431	-0.0059487	-0.00248479	0.00122984	-0.00188338	1
3625	3625	-0.0165619	0.0003047	-0.00596862	0.0172132	0.01153	-0.00664994	1
363	363	-0.00549709	0.0170912	-0.0300306	-0.0531597	-0.0809261	0.024702	0
3639	3639	-0.0150259	-0.0132619	0.00522887	0.0210319	0.00144623	0.00852479	1
3642	3642	-0.0159934	-0.00692259	0.00420768	0.00937445	0.00431551	0.00632161	0
3643	3643	-0.0192898	0.000519301	0.00543522	-0.0045714	-0.0123753	-0.00978219	1
3644	3644	-0.0120801	-0.00191806	-0.00665642	-0.0214672	0.00304496	0.0102195	1
3655	3655	-0.00989022	-0.00573745	0.0111638	0.00369495	0.0238572	-0.0136585	0
366	366	-0.0150287	0.000266342	0.0038659	-0.0137475	0.0088785	0.00552846	0
368	368	-0.0203443	-0.0234342	0.00414275	0.00179418	0.00196156	-0.00775395	1
3682	3682	-0.00756042	-0.00234604	0.0114962	0.011973	-0.0243605	-0.00478335	0
3689	3689	-0.0135316	-0.00330236	-0.00448804	0.00361032	0.00881159	-0.0045294	1
3695	3695	-0.0197595	-0.00326845	-0.0103031	-0.0161056	0.0089159	-0.0177067	1
3724	3724	-0.0206067	0.00531024	-0.00979892	0.00480456	-0.0132687	0.00583219	1
3728	3728	-0.00467467	0.00483625	0.00901382	-0.0103445	0.0121524	-0.000483974	0
3747	3747	-0.0137667	-0.00316725	0.00510559	0.00141079	0.0134338	-0.0152464	1
3766	3766	-0.0132933	-0.0152945	-0.00444648	0.00743356	0.0160435	-0.00653315	0
3777	3777	-0.0185413	-0.000715337	-0.00208202	0.00712615	0.0164153	-0.00445739	0
3780	3780	-0.0205827	-0.0109115	0.0172505	0.00534954	0.0013992	-0.00793437	1
3786	3786	-0.00957454	-0.00334442	0.00377402	0.00644275	-0.000647864	-1.05097e-05	0
3788	3788	-0.0190139	-0.00694929	-0.00506594	0.00718172	0.0119101	0.0112228	1
38	38	-0.00400149	-0.00589024	0.00141424	-0.00333322	-0.0111495	0.00670284	0
380	380	0.0350518	0.00240663	0.0381048	-0.0119411	0.0188555	0.0017709	0
3806	3806	0.0323751	-0.0024728	-0.0580487	0.0232073	0.0660059	0.0613779	0
3821	3821	-0.0106934	-0.000592843	0.00287575	-0.00976295	-0.00875684	0.00592497	0
3834	3834	-0.0188607	0.00602189	0.00229204	0.0062423	-0.00579227	0.00942577	0
3835	3835	0.0214382	-0.00763474	-0.065826	-0.00903245	-0.0107955	0.0454426	1
3847	3847	-0.0130865	-0.000133619	0.00299222	0.00412333	0.011385	-0.01078	1
3853	3853	0.000102319	-0.0108027	0.0123654	0.00712046	-0.00613813	-0.0230849	0
3862	3862	-0.0178238	-0.0114535	0.00484012	0.00272828	0.0227002	-7.89416e-05	0
3865	3865	-0.0135232	0.0048513	-0.0090377	0.00548101	-0.0100028	0.00553295	1
3866	3866	-0.0130514	-0.00347636	0.00258291	0.000177445	0.0252554	-0.00148498	0
3881	3881	-0.00739181	0.00447171	-0.00152269	0.00752891	0.00520816	0.0166888	1
3882	3882	0.0052389	0.00568228	-0.0104391	-0.00409093	0.0126445	-0.00802897	0
3883	3883	-0.0172627	-0.00545779	0.00223029	0.00686427	0.02266	0.0127805	1
3905	3905	-0.0116579	-0.00525421	5.09606e-05	0.027454	-0.0116684	-0.013305	1
3908	3908	-0.01114	0.000669369	0.0123383	0.0206631	-0.0022676	0.0225392	0
3913	3913	0.0270938	0.0180793	0.016803	0.000807284	0.0120716	-0.00674381	1
3921	3921	-0.0270687	0.00706531	0.00347944	0.0111595	0.00223135	-0.0114893	1
3923	3923	-0.0172143	-0.00884292	0.00405484	0.00787171	0.0207608	-0.0051696	1
3935	3935	-0.0277382	-0.00361774	-0.000257111	-0.00560701	-0.0193119	0.00243962	0
394	394	-0.0166359	-0.0018657	-0.0530803	-0.0140852	-0.100063	0.0118282	0
3942	3942	-0.026759	9.17651e-05	-0.000100827	0.0103523	0.0286252	0.00748995	0
3948	3948	0.0121534	-0.0018635	0.0232111	0.0122512	-0.00805163	0.023111	0
3954	3954	-0.0169123	-0.00179348	0.00212007	-0.00620559	0.0109376	0.00547293	1
3964	3964	-0.0150481	-0.00300938	0.00414228	-0.00413845	0.0340755	-0.00466542	0
3967	3967	-0.00759671	-0.0149139	-0.0277842	-0.0384079	-0.0966244	0.0323575	0
397	397	-0.0162983	-0.00395321	-0.00956831	-0.0207025	0.00642744	-0.0060778	0
3979	3979	-0.0100709	0.00729108	0.00655433	0.0145019	0.00610471	0.00543539	1
3988	3988	0.0268369	-0.000862144	0.0165288	-0.026876	-0.0354548	0.00613613	1
3990	3990	0.0480332	0.00249924	0.0399618	0.00447419	0.0119393	-0.0252842	1
3992	3992	0.0210634	0.0163917	0.0070736	-0.0217121	-0.0486211	0.0128773	0
40	40	0.0348006	-0.0116575	-0.071699	0.0365541	0.0341701	0.0220852	0
4009	4009	-0.0136399	-0.0110692	0.00338676	-0.000447865	0.0334636	0.00856044	0
4018	4018	0.000154048	0.0222014	-0.00939102	-0.010823	-0.0694487	0.0205892	1
4029	4029	-0.00703878	-0.00994528	0.00030006	-0.0079179	-0.00236804	-0.006426	0
4030	4030	-0.0170234	0.00738384	0.00273081	-0.000982416	0.00836797	0.000266287	0
4032	4032	-0.004608	0.00290148	0.00171115	0.00529717	-0.00848808	0.000664153	0
4036	4036	-0.0119334	0.00264797	0.004445	-0.00217921	0.00779869	2.33825e-05	0
4048	4048	-0.00307136	-0.0140277	-0.0169722	-0.00248323	-0.00549492	-0.00786627	1
4055	4055	-0.01646	-0.00289285	-0.00448915	0.0163815	0.0158333	0.00644185	1
4056	4056	-0.000539145	0.0254898	-0.045754	-0.033878	-0.0843323	0.0133521	0
4066	4066	-0.000838746	-0.0019018	0.0169847	0.00708545	0.0136553	-0.00258456	0
4067	4067	-0.0130329	-0.00241523	-0.00435018	0.0155656	-0.000438324	-0.00217212	1
4080	4080	-0.0178919	0.0221931	0.00689205	-0.00687598	0.00557781	0.00176654	0
4084	4084	-0.00708866	0.00812738	0.0213484	0.0111277	0.020114	-0.0156348	0
4095	4095	0.00197449	-0.00642407	-0.00335259	0.0168973	0.00858557	-0.00187251	1
4106	4106	-0.0105377	-0.00110338	-0.000792117	0.0127369	0.0149009	0.010419	1
411	411	-0.00548657	-0.00898314	0.0061558	-0.00934125	0.0236223	-0.016618	0
4127	4127	0.0260084	0.00689228	0.0253604	-0.0124132	-0.0117352	0.00959884	1
4143	4143	-0.013293	-0.000378302	-0.000683883	0.0145644	0.0150949	-0.00244644	0
4147	4147	-0.0183471	-0.0165505	-0.0109697	-0.00634918	0.0124485	-0.0112672	1
4159	4159	-0.0158681	-0.00396599	-0.00886039	-0.00533599	-0.0237979	-0.00442014	1
4173	4173	-0.00822658	-0.00320453	-0.00918792	-0.00263703	-0.0454757	0.050399	0
4178	4178	-0.0199619	0.00249272	-0.00579961	-0.00242687	0.0189879	-0.00327636	0
4180	4180	0.00694907	-0.00825536	-0.0116409	0.00293953	0.0362242	0.0200873	1
4181	4181	-0.0134288	0.0183443	-0.00649277	0.00814882	0.0103006	-0.0220991	0
4185	4185	0.00523463	0.0064735	0.029155	0.0195787	0.0146081	-0.0222554	1
4191	4191	0.089698	0.0035195	0.00809955	-0.026565	-0.0158924	-0.0736683	0
4194	4194	-0.0243675	-0.00541236	0.00909408	0.0143719	-0.0053259	-0.00712371	1
42	42	0.0103186	0.00426048	0.00836267	0.00986207	-0.00195376	-0.00171849	0
420	420	0.00821609	-0.0060176	0.0027356	0.00836499	0.0199738	0.00610224	0
4200	4200	-0.0204746	-0.00508091	-0.00844731	-0.0168232	0.00699354	-0.00736879	0
4212	4212	0.0374327	0.0163964	0.013026	-0.0519544	-0.0528743	0.0453192	0
4215	4215	-0.0110547	0.0120661	-0.00465254	0.00246624	0.0126794	-0.0084367	0
4230	4230	0.0824101	-0.00593421	0.0707012	-0.00372066	-0.0323354	0.0475992	0
4240	4240	-0.0167525	-0.00837796	-0.00222449	0.000609727	-0.000857378	0.000517856	1
4241	4241	0.0308635	-0.00291715	-0.0792142	0.00335665	0.0110562	0.02033	1
4245	4245	-0.0107123	0.0128995	-0.0097015	-0.00128079	-0.100486	0.0370638	1
4248	4248	-0.019082	-0.00323966	-0.00408376	0.00362752	-0.0259447	-0.00118566	0
4251	4251	-0.00772259	-0.00664419	0.0117866	-0.0219844	-0.00785697	-0.00237333	1
4258	4258	0.0199757	-0.00699212	0.00139705	0.0054565	0.0221572	-0.00331302	0
4290	4290	0.0208253	-0.000350602	0.0127448	-0.000676374	0.0240519	0.0163126	0
4346	4346	0.0516376	0.0056377	0.00701425	0.0155213	0.010058	-0.00300844	0
4356	4356	-0.0208408	0.00608637	0.000404896	-0.00484574	0.00493001	-0.000461682	1
4359	4359	-0.0124013	0.00230227	-0.00174576	-0.0144146	-0.0316051	0.016052	1
437	437	0.0238139	-0.00444301	0.0340891	-0.0080187	-0.00853941	0.0144159	0
439	439	-0.0135913	-0.00310889	-0.00456955	-0.000709612	0.0181432	-0.0111054	0
4399	4399	0.0171172	0.0077339	0.0194855	-0.00505683	-0.0352152	-0.00103528	1
44	44	0.160908	0.0315878	-0.155958	-0.0130348	-0.11188	-0.589189	0
440	440	0.0988795	0.0017278	-0.00178865	0.0108234	-0.0441188	-0.12147	0
441	441	-0.0249274	0.000720315	0.00152948	-0.0147605	-0.00775551	0.00323678	0
4411	4411	-0.0214371	-4.98386e-06	0.00796903	0.0301885	-0.00116328	-0.0122832	1
4438	4438	-0.0228715	-0.0104793	0.00310723	-0.0075048	0.00752833	0.00167465	1
4441	4441	-0.00886363	0.000236504	0.00445995	-0.0052008	0.00305499	-0.00133855	1
4463	4463	-0.0184521	0.00532133	-0.00179212	0.0144484	0.0046998	-0.0135046	1
4482	4482	-0.0135657	-0.00713672	0.00430629	0.0197808	-0.00426517	-0.000200659	0
4490	4490	0.0781392	-0.00665382	-0.177027	-0.0147877	0.0214572	0.053016	0
4498	4498	0.0366254	0.00788701	0.0481463	-0.00222373	-0.00834467	0.00817997	0
4499	4499	-0.00724853	-0.00461764	-0.00564282	0.0117532	0.0258338	-0.00118912	1
4507	4507	-0.00702304	0.0105528	0.00328848	0.0132323	-0.0111989	-0.00129405	0
4532	4532	0.00033539	0.0112831	-0.0242349	-0.00347297	0.00951521	0.00887387	1
4539	4539	0.00596626	-0.0160129	0.0209365	-0.000109247	0.00784377	-0.00435936	0
4549	4549	-0.00675667	0.00598487	0.0153212	-0.0041087	0.0121919	-0.00569153	0
4569	4569	-0.0186275	0.00161109	0.00162664	0.021477	0.00569905	-0.00460716	0
4580	4580	0.00161579	-0.00262673	0.0108942	0.0141627	-0.0117944	-0.00279252	1
4587	4587	-0.0285429	-0.00276555	-0.00586785	-0.0112453	0.00597234	-0.0273731	1
4594	4594	-0.00582788	-0.00684079	-0.0296397	0.00812178	0.00321177	0.00495061	0
4605	4605	-0.0107195	-0.0080599	0.00913221	-0.00906714	-0.000949255	0.00849685	0
4621	4621	-0.0154223	-0.00649842	0.00850617	-0.0153193	-0.00661485	-0.00428691	0
463	463	-0.0160627	-0.0115835	-0.0606534	-0.00818402	-0.0833365	0.0150721	0
4632	4632	-0.00752355	0.00486582	0.0115436	0.00240129	6.222e-07	-0.00190227	1
4643	4643	0.085571	0.00398247	0.0887257	-0.0143653	-0.02169	0.0177661	1
4646	4646	-0.0173254	-0.0119616	0.00297288	-0.00562725	0.00168062	-0.0122472	1
4648	4648	-0.0061033	-0.00217531	0.0160054	0.00182477	0.0158008	0.023125	1
466	466	0.00266952	0.0124913	-0.00131337	-0.000790801	0.0298953	-0.0282133	0
4671	4671	0.00215103	-0.00244198	0.0117468	-0.00383849	0.0290683	0.00885188	0
4672	4672	0.0166425	-0.0033502	0.0156299	0.0035575	0.034101	-0.00092825	0
4679	4679	-0.0141819	-0.00622325	0.0043024	-0.0126232	0.0154101	-0.0216449	0
468	468	-0.0177689	-0.0137426	-0.000572817	-0.00326138	-0.0026429	0.00279159	1
4680	4680	-0.0108405	-0.00711147	-0.0163236	-0.0113692	-0.0165067	0.016599	1
4693	4693	-0.018553	0.013389	-0.0119189	-0.00336444	-0.0672546	0.024061	1
4694	4694	-0.0195636	0.00172807	-0.0351128	-0.00714695	-0.0497711	0.00322154	1
4695	4695	-0.012079	-0.0139662	0.00989015	0.00644283	0.008457	-0.00633343	0
4712	4712	0.0247651	-0.0126928	0.0284466	-0.00842927	0.00662066	-0.0042734	0
4715	4715	0.0141478	-0.018626	0.0162912	-0.0149157	0.0205425	-0.0237246	0
473	473	-0.0235193	-0.00858139	-0.0642477	-0.0104257	-0.0816659	0.0288566	0
4735	4735	-0.0140521	-0.00610055	0.00367867	-0.012283	-0.000235636	-0.00955624	1
4756	4756	-0.0114009	-0.0217141	-0.0048204	-0.0116305	0.00192741	-0.00670545	0
4758	4758	0.0692629	-0.000903705	-0.0650604	0.00786194	0.0659225	0.0826646	0
4784	4784	-0.0260729	-0.00407595	0.00326735	0.00112354	0.0182768	-0.00298387	1
4797	4797	-0.0111284	-0.00429176	0.000336103	-0.00770936	-0.0088732	-0.00178461	0
4801	4801	-0.0142524	0.0003861	-0.00653392	-0.018574	-0.0215278	-0.00730078	0
481	481	0.0627696	-0.00111507	0.00490576	-0.00806697	-0.0310203	-0.0515597	0
4814	4814	-0.000657632	0.00668473	0.00803464	0.00459562	-0.0100567	0.00753626	1
4825	4825	-0.00933179	-0.00181868	-0.00301511	-0.0196221	-0.0262677	-0.0116219	0
4831	4831	0.0464246	0.00209062	-0.102205	0.031638	-0.0262721	-0.0153313	1
4833	4833	-0.0085587	0.000273893	0.0083828	-0.0225503	-0.00946992	0.00388148	0
4837	4837	-0.000690333	0.00471427	-0.00560967	-0.0249546	-0.0749723	0.0236573	0
4859	4859	0.0452426	-0.0121136	0.026848	0.0145238	0.0285887	-0.0198475	0
4879	4879	-0.0198289	0.00480117	-0.00317334	-0.0199444	0.00807011	0.000542619	1
4888	4888	-0.0138017	-0.0101066	0.00678827	0.0152822	0.00663645	-0.00959828	0
4889	4889	0.053417	-0.00221804	-0.0216581	0.0169011	0.0296064	0.0389111	0
4895	4895	-0.0154777	0.0104186	0.00106684	-0.00338435	0.0182802	-0.00856876	1
4897	4897	-0.0115051	-0.00997337	0.00512782	0.00629187	0.0140791	-0.012989	0
4927	4927	0.00323177	0.00809825	0.0239736	0.00518532	0.00585651	0.00327787	0
4932	4932	-0.014587	0.00715294	0.00331434	-0.0049293	-0.0206879	0.00395318	1
4935	4935	-0.0240729	-0.00669973	-0.000709838	0.000347022	0.026818	-0.00207531	0
4941	4941	-0.000939069	0.00188557	0.00604706	-0.000760796	0.00347743	0.0377203	0
4943	4943	-0.014306	0.00151362	-0.0188192	-0.020255	-0.0184349	0.0293693	1
495	495	-0.0199356	-0.0142427	0.000930434	0.0192716	0.0091614	-0.00617008	1
4962	4962	0.0123171	0.00479205	0.00468467	-0.000497897	-0.0782301	0.0301733	1
497	497	0.0123273	-0.00259148	0.00071344	0.0207918	0.0321852	0.00547163	0
4983	4983	-0.00660403	0.00685972	-0.021059	-0.00777465	0.0259212	-0.00751034	0
4990	4990	-0.0144211	-0.000333955	-0.00110015	-0.015977	0.00673373	-0.00961668	1
4996	4996	-0.0169088	0.00302906	0.00482645	-0.0166742	0.0244639	-0.0307055	1
4998	4998	-0.0153607	0.00322766	-0.0024609	0.0123173	0.0164313	0.00264811	1
4999	4999	-0.0167571	0.00761186	0.00482793	0.0178475	-0.00514297	-0.00977272	1
500	500	-0.000851387	-0.00932933	0.0157571	-0.0168702	0.0173392	-0.0163812	0
502	502	0.0303897	0.00633228	0.0377288	-0.0132345	0.0218374	-0.0121157	1
5027	5027	-0.0127726	-0.00537281	-0.00705984	-0.00323052	-0.015974	-0.0034882	0
503	503	-0.0204198	0.00628815	-0.00157795	-0.000623845	0.00256488	0.00187796	1
5041	5041	-0.0249995	-0.0113788	-0.0289362	-0.00320489	-0.0074228	0.0277588	0
5044	5044	-0.0113628	0.00228941	0.00882965	0.0161687	0.0292607	0.00562238	1
5048	5048	-0.0137591	-0.0118877	0.0058171	-0.013529	0.0237156	-0.00717052	1
5049	5049	0.0192219	0.00188036	0.0210825	0.0230501	0.0411513	0.0211202	0
5073	5073	-0.0214056	-0.011124	0.00341496	0.00317477	0.038747	-0.0266458	1
5098	5098	0.0725856	-0.0100555	-0.0999244	0.0329393	0.133098	0.0105726	1
5105	5105	-0.0118281	0.00088338	-0.00943618	0.00422623	-0.0463558	0.00575055	1
5107	5107	-0.00637803	-0.00178957	0.0075945	-0.0205214	-0.00300713	0.0245352	1
5130	5130	-0.0299988	0.0017946	-0.0229048	-0.0132796	-0.0137391	0.00493367	1
5144	5144	-0.00807378	-0.0225193	0.000390335	-0.0194221	0.0114579	-0.013665	1
5145	5145	-0.0261153	-0.00726876	0.00241295	-0.00785693	-0.00189632	-0.0157955	1
5146	5146	-0.00720051	0.00741503	0.0115004	0.00122309	-0.012211	-0.00967483	0
5154	5154	0.00166522	0.00626707	0.00577717	0.00183169	-0.0366007	-0.0116574	0
5155	5155	-0.0156897	-0.00461624	-0.0123105	-0.00609763	-0.0402357	0.0143591	0
5164	5164	-0.00576594	-0.00191947	-0.0030226	-0.000111329	-0.00355075	-0.00118523	0
5167	5167	-0.0130246	0.00173668	-0.000694592	-0.00745414	0.00491004	-0.0118756	1
5168	5168	-0.0253008	-0.0075025	-0.00910933	0.00494797	-0.0256421	-0.00297395	1
5172	5172	-0.0144276	-0.00824742	0.00418674	0.0134267	-0.0342003	-0.000126287	0
5176	5176	-0.0415877	0.704836	-0.0442183	-0.590061	0.194488	0.0140799	0
5180	5180	0.0685149	-0.0167879	-0.109839	0.0108475	0.00090061	0.0634528	0
5182	5182	-0.025808	-0.00490816	0.001165	-0.0169104	0.00357879	-0.0134458	1
5190	5190	-0.0109344	-0.00435669	-0.0209352	-0.0105723	0.0155284	-0.0389529	1
5207	5207	0.00377265	-0.00452707	0.0155083	0.00345325	0.0365757	0.0140395	0
5218	5218	0.0345355	-0.00276682	0.0419324	0.00990886	-0.0253813	0.00215695	1
5221	5221	-0.0164692	-0.000745357	-0.00940037	0.00538572	0.00144016	0.0280917	0
5223	5223	-0.0134748	-0.00080585	0.00739748	0.00628034	-0.00534612	0.00363337	0
5233	5233	-0.0140226	-0.0113184	0.00706692	0.00718183	0.000557507	0.0302009	1
5235	5235	0.0370478	0.00830863	0.0273215	-0.0346743	-0.00115954	0.0301068	0
5236	5236	-0.0128692	-0.00262993	-0.014946	0.00159336	0.00537408	-0.00268342	1
5246	5246	-0.0151928	-0.000133504	0.00988741	-0.000429983	0.006607	0.0131372	0
5249	5249	-0.0144738	-0.0021414	-0.0191064	0.00352211	-0.00184503	-0.00727334	1
5257	5257	-0.0144073	-0.0114904	-0.00017447	-0.00710314	0.00043983	0.00618533	1
5263	5263	-0.013134	-0.00105488	-0.0147418	-0.0371942	-0.0856124	0.0310076	0
5273	5273	-0.0213162	-0.00605212	-0.00150528	-0.0114912	-0.0277756	-0.0127162	0
5274	5274	0.0685418	0.00253498	0.0442303	0.00214005	0.0112812	-0.0101588	0
5276	5276	-0.00796398	-0.00644843	-0.00695081	0.0129258	0.0219465	-0.0146414	1
5284	5284	-0.0185642	-0.00692627	0.00415383	-0.0177795	0.0131881	0.0191537	1
5288	5288	0.0119823	-0.00432086	-0.0484593	0.030811	0.049166	0.0185465	1
5293	5293	0.0327811	0.00150398	0.0393181	-0.0117145	-0.0469226	0.0139614	0
53	53	-0.00802436	-0.00124861	0.0115124	-0.00734619	0.0182965	-0.0235153	0
5302	5302	0.102818	-0.00836377	-0.0110392	-0.0263844	-0.0288644	-0.122912	1
5310	5310	-0.0197487	0.0094643	-0.00214273	-0.0165191	-0.0279082	0.0154674	1
5326	5326	-0.0141605	-0.0112071	-0.0100829	-0.00920274	0.0104026	0.00211668	0
533	533	-0.0245824	0.00879139	-0.0128921	-0.0118116	-0.0479337	-0.00247899	0
5332	5332	0.00449118	-0.0102215	0.0185042	-0.00215604	0.00810296	7.69922e-05	0
5342	5342	-0.0167787	-0.000639329	-0.00890989	0.0101816	0.0290978	-0.0130731	1
5351	5351	0.000645581	-0.00435935	-0.0280305	-0.0051256	-0.00757785	0.0109127	0
5359	5359	-0.011033	0.00883182	0.0156682	-0.0265335	0.0057244	-0.0226758	1
539	539	0.00744455	0.00918084	0.0088997	0.0155008	-0.0167673	0.0396224	1
5397	5397	0.0765636	0.00719013	0.0833212	-0.0040166	-0.015762	0.0433318	1
5408	5408	-0.0186377	-0.00579741	0.000592854	-0.00148187	0.0133195	-0.00316972	1
5414	5414	0.00743239	-0.00774287	0.00831447	-0.0144596	0.0131292	-0.0120088	1
5425	5425	-0.00106913	0.00792493	0.00849264	0.014261	-0.00972881	-0.00860156	1
5432	5432	-0.0130047	-0.00229009	0.00448527	0.00708325	-0.0212522	0.0164516	0
5442	5442	0.0047578	-5.85002e-05	0.0125512	-0.00576168	0.0112811	-0.00694534	0
5443	5443	0.00106818	0.00607502	0.00440429	-0.0128798	-0.00162795	0.0141242	0
5447	5447	-0.017712	-0.00360894	-0.0152036	-0.024274	-0.0196367	-0.00987264	0
5456	5456	0.00342576	-0.00137406	0.0105925	-0.000725143	0.0136078	0.0117688	0
5460	5460	-0.00940058	-0.00125427	0.012038	0.0082988	0.0158091	0.00959785	1
5475	5475	0.0189289	-0.00252189	-0.0872063	0.00357274	0.0216149	0.0152836	0
5478	5478	-0.0137982	-0.0205634	0.00582448	-0.0045304	-0.00897686	-0.000321976	1
5487	5487	-0.0291324	-0.00150271	-0.022516	0.00830444	-0.0207363	-0.00137602	1
549	549	-0.000636848	-0.00261868	0.0141969	0.00668619	0.00641354	-0.0143469	0
5490	5490	0.0216205	0.0104627	0.0317167	0.000907661	0.0153066	-0.0233274	0
5494	5494	-0.0115469	-0.00290928	0.0165504	-0.00505965	-0.0119377	0.000608596	1
5495	5495	-0.0201857	-0.00735385	-0.00126872	-0.0162708	-0.0122321	0.0103161	0
55	55	-0.0226422	-0.00100915	0.00311732	0.0219498	0.0146104	-0.00895273	0
5501	5501	-0.0184722	-0.00498407	0.00588324	0.00585991	0.0130784	0.00168993	0
5515	5515	0.00994034	0.00362211	0.0108338	-0.00564385	-0.00891862	0.012527	0
5529	5529	0.0478668	0.0164591	-0.0346306	-0.00807773	-0.0217808	-0.0375892	0
5531	5531	0.0621336	0.000331801	0.0331867	0.00245245	0.0304792	-0.0146327	0
5536	5536	-0.0175547	-0.0108302	-0.00275738	-0.0150162	-0.00121637	-0.0129942	1
554	554	-0.0130929	-0.00209539	-0.0165827	-0.0080469	-0.0729166	0.022701	0
5540	5540	0.0303795	0.00210342	0.0375476	0.00849477	1.52301e-05	0.0147977	1
5545	5545	-0.0162841	0.00924219	-0.00725668	0.0194298	-0.036911	0.00119172	0
5557	5557	-0.00817287	-0.011937	0.0133363	0.0236319	-0.0278197	0.00618285	1
556	556	0.0494999	-0.000133484	-0.130677	-0.0189079	-0.0358206	0.0060379	0
5568	5568	-0.00355303	-0.00444389	-0.0441444	0.00459317	0.00390306	0.0226592	1
5570	5570	-0.0110414	0.011042	-0.00162319	-0.0020561	-0.0376076	0.00228415	0
5581	5581	0.00292523	-0.0081469	0.00158133	0.0128528	0.0162513	-0.00026206	1
5582	5582	-0.0158282	-0.00251282	0.013327	0.0116908	0.0125018	-0.00292735	0
5602	5602	-0.0124651	-0.00312831	0.00387527	0.015002	0.0157402	-0.00534098	0
561	561	-0.0143588	0.0091643	0.00422752	-0.014866	0.0231083	0.00801815	1
5612	5612	-0.0128265	-0.00324497	0.0103338	-0.00307631	0.00940921	-0.00521724	0
5613	5613	-0.00546913	-0.00627581	-0.0144708	-0.00892253	-0.00453894	0.00812548	1
5620	5620	-0.0110409	0.00758073	0.00715959	-0.00643562	0.00482843	-0.0150632	0
5628	5628	-0.0128137	0.011506	-0.0109142	-0.0155125	-0.031998	0.0203816	0
5629	5629	-0.0166818	0.00878312	0.00504368	0.0106144	0.0067132	0.00135169	1
563	563	0.0284188	0.00100905	0.0299611	0.00817503	-0.0250619	0.0191901	0
5637	5637	0.0608363	0.00290445	0.0363222	-0.00879091	0.0197978	-0.00959462	0
5659	5659	-0.0197882	-0.0123529	-0.0039845	-0.0108085	-0.00549935	-0.0363392	1
567	567	-0.0177533	-0.0144414	0.00428616	0.00163836	0.00806267	-0.0160682	1
5675	5675	0.0388458	0.000386666	0.0610156	0.00653877	0.0318374	-0.00645738	0
5683	5683	0.000373466	-0.00143988	-0.0514691	-0.00443757	-0.0245811	0.002295	0
5701	5701	-0.00569827	-0.0137577	-0.00144987	0.019708	0.0126661	-0.016631	1
5709	5709	-0.0088062	-0.0161057	0.0183174	-0.0100005	0.00417241	-0.0205336	0
5719	5719	0.00923574	0.00275484	-0.013769	0.00941262	0.00651648	-0.000579998	1
5723	5723	0.0590281	0.00020935	0.0459771	-0.00905491	0.0254714	-0.0280648	1
5728	5728	-0.0128037	-0.000244468	0.0136339	0.0317142	0.0223085	-0.0209783	0
574	574	-0.000973324	-0.0157506	0.0227521	0.00689939	0.0174856	0.0185108	0
5741	5741	0.0445743	0.0153735	0.0432986	-0.0190653	-0.0194677	0.032313	1
5743	5743	-0.012095	0.00155066	-0.00564744	0.0016901	0.00294596	-0.00773318	0
5745	5745	-0.00785159	0.00471352	-0.00306377	-0.00156987	-0.0190463	0.0177524	1
5790	5790	-0.0188404	-0.00593375	0.00308084	0.00270668	-0.000575351	0.00114331	1
5795	5795	0.0284029	-0.00907436	-0.090599	0.0194426	0.010965	0.0192937	0
58	58	-0.0156954	-0.0101337	0.0150147	0.0198871	0.0194625	-0.0263873	0
5800	5800	-0.018983	0.00188576	-0.0143697	-0.0136795	0.00831253	0.00190033	0
5803	5803	0.0043337	-0.00130477	0.016659	0.0124844	0.0224226	-0.0243106	1
581	581	-0.0144618	-0.00175224	-0.00265348	0.0130733	0.00635495	-0.0204256	0
5815	5815	-0.00243706	-0.00984763	0.00987749	2.80682e-05	0.0136854	-0.0230615	0
5820	5820	-0.0191012	0.00282061	-0.00386385	0.00821237	0.00352421	-0.00429721	1
5821	5821	-0.00294216	-0.00886166	-0.0197457	-0.0149162	0.012029	0.0207146	1
583	583	-0.0140784	0.0144777	0.000144577	0.00289744	0.0265167	0.00320249	0
5830	5830	-0.00730687	0.000392665	0.0194082	-0.00436253	0.00906692	0.00117999	1
5833	5833	-0.0123992	-0.00911381	0.00121094	0.00368918	0.0113467	8.42603e-05	1
5850	5850	-0.0197096	0.00282096	-0.0407687	-0.0269268	-0.075233	0.0211832	0
5866	5866	-0.011554	0.00472592	0.00867643	-0.00683888	0.00173052	-0.0137793	1
5872	5872	-0.0143922	-0.00474218	0.00969427	0.00836311	0.0195126	-0.00448494	1
5881	5881	0.104996	-0.00123594	-0.107505	0.0104482	0.0113583	0.0913086	1
5884	5884	-0.0108795	0.00174603	0.00729759	-0.00074511	-0.00773162	0.00035369	0
589	589	-0.00559983	-0.00632524	0.00264156	-0.0109993	-0.0298303	0.00262656	0
5892	5892	-0.0160098	-0.0061673	-0.00152933	-0.0102138	0.00784687	-0.0142934	1
5900	5900	-0.010653	0.000503834	-0.0124018	-0.00249136	0.0103704	-0.0196963	0
5902	5902	0.0103057	0.00226844	0.0159073	-0.00496773	0.000550837	0.0127044	1
5917	5917	-0.0129453	0.00703637	-0.00550043	0.00672978	0.0209235	-0.0104278	1
5924	5924	-0.020279	-0.00483939	0.00752817	-0.00598532	0.00712595	-0.0155018	0
5935	5935	-0.0213122	0.00225927	-0.00801235	-0.000111042	-0.0199444	-0.00206101	0
5943	5943	-0.0182734	0.00202347	0.00580708	0.00308641	0.0166957	-0.0096437	1
595	595	-0.0118737	-0.0107285	-0.00281206	0.00177279	0.0114522	-0.00131764	1
5961	5961	-0.0122083	0.00236866	0.0216183	0.00711697	-0.00429119	-0.0222519	0
5965	5965	-0.0186713	0.00254602	0.0124914	0.0139004	0.00392034	-0.0123873	1
5973	5973	0.0941546	-0.0164353	-0.155744	0.0505296	0.0896999	0.0836285	1
5996	5996	-0.011552	-0.00400363	-0.00647132	0.00450073	0.00510238	0.0140428	1
5998	5998	0.123953	-0.0143975	-0.207463	0.024409	0.173622	0.172292	0
5999	5999	-0.0130073	-0.0138653	-0.00295981	0.0111174	-0.0212794	0.00243995	0
60	60	0.0388587	0.00811258	0.0331789	-0.00609085	0.00215298	-0.00397968	0
6005	6005	-0.0190924	0.00278343	-0.0073784	-0.00172812	0.0170953	-0.0190765	0
6013	6013	0.0023621	-0.0012415	0.0091321	-0.00558821	0.0182431	-0.00894658	0
602	602	-0.0304398	-0.00159591	-0.0211505	-0.00107107	-0.00517897	-0.0116036	0
6020	6020	-0.0140554	0.00274506	-0.0349515	-0.0216611	-0.106915	0.0688224	0
6025	6025	-0.0126159	-0.0041664	-0.00250247	0.0087925	0.0333312	0.00242312	0
6035	6035	-0.0199926	-0.000792249	-0.00181519	0.010809	-0.0299075	0.00848322	1
6042	6042	-0.0131583	-0.00258042	-0.00866021	-0.00900706	0.0155881	-0.00857873	1
6045	6045	-0.0188597	0.00131201	0.00250553	0.012539	0.0116423	-0.0317373	0
6064	6064	0.0127522	-0.000173858	0.0167431	0.00172112	0.0287606	-0.00215702	1
607	607	-0.0190375	0.00327429	0.00429901	0.00668014	0.0107169	-0.00629216	0
6077	6077	-0.0126143	0.00180684	-0.00501987	-0.0200544	-0.00977217	0.0111085	1
609	609	-0.0226201	0.00732547	-0.00195258	0.0241532	0.00729365	-0.0048983	0
6099	6099	-0.0222345	0.00690304	-0.000746604	-0.0107792	-0.0074167	-0.00130437	0
610	610	0.0912014	-0.00317506	-0.141685	0.0187921	0.0375722	0.0793257	0
6103	6103	-0.0239184	-0.00571312	0.000174087	0.00191485	0.0192055	0.0001708	0
6105	6105	-0.0187648	-0.00421163	-0.0156018	0.0129346	0.00238359	-0.0205328	1
6115	6115	-0.0244955	-0.000588476	-0.00361824	-0.0179167	-0.0600391	0.0168074	0
6117	6117	-0.0107998	0.00285219	-0.0169064	0.00684828	-0.00269732	0.010899	0
6120	6120	-0.0155042	0.00321072	-0.00577262	-0.0123119	-0.0151396	-0.00428032	1
6127	6127	-0.0106454	-0.0115691	-0.0134284	0.0150741	0.0515013	0.0254172	0
613	613	-0.0220174	-0.00120165	-0.0100555	0.00620835	0.00894317	7.55052e-05	0
6131	6131	-0.0112297	-0.0130268	0.00268792	0.00624559	0.0214953	0.0179825	0
6169	6169	-0.0142352	-0.00459819	0.00972904	-0.00121987	0.0102288	-0.0173033	1
6179	6179	0.0209135	0.00515907	0.0348928	0.00244799	-0.0107155	0.031661	1
6189	6189	-0.00132978	0.0118593	-0.0264832	-0.00371179	-0.0297262	0.0160545	1
6192	6192	-0.0180006	0.00847135	-0.0156276	-0.0269566	-0.0933694	0.0367371	1
62	62	-0.0289298	-0.00914612	-0.00296605	-0.0054878	-0.0124627	0.000184261	0
6204	6204	-0.007441	-0.0213544	0.0138508	0.00341759	-0.00216368	-0.00285075	1
6206	6206	-0.0109691	0.00199087	-0.0197547	-0.0189561	-0.0607467	0.0113111	1
6214	6214	-0.0101765	-0.00422608	0.0151249	0.00757375	0.00810888	-0.00395142	1
6216	6216	0.0576436	0.0137842	0.044654	-5.04624e-05	-0.0577863	0.0331183	1
6221	6221	-0.0204794	0.000846166	-0.00937861	0.0108804	-0.0186629	-0.0124024	1
6238	6238	-0.0048816	-0.00770459	0.00477788	0.0166013	0.00403442	0.0124493	1
6239	6239	-0.0155753	-0.0085505	0.000864556	0.00205229	0.00511251	0.00121462	1
6244	6244	-0.0141806	-0.0109205	-0.016041	0.00653258	-0.0251217	-0.006295	1
6248	6248	-0.0278258	-0.000833654	-0.0148134	-0.0106252	-0.0405216	-0.0132676	1
6249	6249	0.0126606	-0.0156567	-0.064456	-0.0141232	0.00805582	-0.00440153	0
6250	6250	-0.010818	-0.0116678	-0.00965102	0.0359193	0.0249005	-0.00832539	1
6252	6252	-0.0222748	-0.01088	1.84043e-05	-0.00331538	0.00160569	-0.0230391	1
6257	6257	-0.01528	-0.00482974	0.00438792	-0.014055	0.00276249	-0.00669778	1
6263	6263	-0.0224394	0.00851423	-0.0271324	0.00855234	-0.0494612	0.0175209	0
6269	6269	-0.0201276	-0.00745589	0.00762858	0.00375608	0.0130919	-0.0304548	1
6274	6274	0.096542	0.00753181	0.0828851	0.0186257	-0.0592909	0.084847	0
6284	6284	-0.0167235	0.0117605	0.00604513	-0.00147955	-0.00252566	-0.014837	1
6285	6285	0.00901198	0.0056954	-0.028247	-0.00836382	0.0649276	0.0123605	1
6296	6296	-0.00763456	0.00811315	0.00389548	0.0222919	0.00842305	0.00795497	0
63	63	0.0927372	0.00796224	0.0824303	0.0179464	-0.0506417	0.0313956	0
6335	6335	-0.0166273	0.00129266	0.00955776	-0.010615	0.00750038	-0.00559765	1
6341	6341	-0.00378263	-0.00683058	0.0137192	-0.0155216	0.0328962	-0.00207524	1
6351	6351	-0.0165894	0.000285933	-0.00397789	0.0114045	0.00116277	0.00806899	1
6356	6356	-0.0103537	-0.00314849	0.00481293	-0.00317329	0.0132629	-0.0351458	1
6367	6367	-0.00816559	-0.00489339	0.00181969	-0.0253831	-0.0186293	0.00566195	1
6381	6381	-0.01798	-0.0065868	-0.00942758	0.00385586	0.0183452	-0.00107118	0
64	64	0.0504611	0.00590982	0.047538	0.0354916	0.0287356	0.0225239	0
644	644	-0.0111176	-0.00536731	0.00944422	0.00414859	0.0190302	0.021518	0
645	645	-0.0206673	0.012917	-0.0601091	-0.0139063	-0.0818962	0.021049	0
6450	6450	-0.0150249	-0.00607433	-0.00393793	0.0237352	0.00346947	-0.0315847	1
646	646	-0.0142548	-0.0165543	0.000631153	0.0166904	0.0173851	-0.0128066	0
6484	6484	-0.0121543	-0.000768908	-0.000543261	0.00642161	0.0139734	-0.0320819	0
6491	6491	-0.023623	0.00164739	-0.000247662	0.00609992	0.0159468	-0.00860666	0
650	650	0.0733394	0.0109471	0.0482904	0.00301439	0.0261964	-0.0138384	0
6544	6544	0.0192945	-0.00361555	-0.00133153	-0.00470295	-0.0176365	-0.00418194	0
6547	6547	0.0238357	0.00760512	-0.0789306	-0.00778738	0.00701253	0.0392842	0
6589	6589	0.0207393	-0.00419617	-0.0956265	0.0210418	-0.00802167	0.00996636	0
6633	6633	-0.0238194	-0.0102011	0.00398788	-0.0139487	-0.000882042	0.0372419	1
6634	6634	-0.0149318	0.00306017	0.000563705	-0.00455815	0.0134483	-0.0333751	1
667	667	-0.0303472	-0.0173072	-0.0108068	-0.00768713	0.00511857	-0.00201319	0
669	669	-0.0158611	0.000146844	0.00646778	-0.00605767	-0.00823207	-0.00378838	0
6690	6690	-0.0128706	0.00855212	0.0158455	-0.000133385	-0.0182375	-0.000261745	0
6706	6706	0.09369	0.00658596	0.0800328	0.00920667	-0.0246499	0.0443177	0
6721	6721	-0.00453356	-0.00796133	-0.0122926	-0.00479266	0.0092025	0.00348703	1
6733	6733	0.0140782	0.00443873	0.0252326	-0.00136338	-0.0150642	0.025504	1
6758	6758	-0.0151318	0.00151003	0.00637482	0.0180379	0.00935135	0.0147593	0
678	678	-0.0140375	0.00315261	0.010575	0.0046471	0.000775585	-0.00433789	0
6780	6780	-0.0187319	-0.00965079	-0.00820982	-0.0165705	-0.0664313	0.0221029	1
6814	6814	-0.0163516	-0.00829752	0.00817148	0.0131097	0.00411302	-0.00554541	1
682	682	-0.0057486	0.00139788	-0.00422207	-0.0277427	-0.0279746	0.0293055	0
6832	6832	0.00176622	0.000713932	0.00678607	-0.0126852	0.0176688	-0.0131966	1
684	684	-0.0200257	-0.00625527	-0.00542254	0.0115452	0.0257969	-0.00645276	1
685	685	0.00702852	-0.00836698	0.0193907	-0.000837354	0.0281086	0.00737513	1
6858	6858	-0.00903244	-0.0100007	0.00597808	-0.00295966	0.0259662	0.000115965	0
6860	6860	-0.0145596	-0.00977414	0.00125225	0.0253533	0.00222517	0.000359145	1
6861	6861	-0.0107985	-0.00129788	0.00962907	0.00692351	0.00180267	0.00777783	1
6875	6875	0.0903583	0.00636436	0.0595577	0.0101848	-0.019884	0.0299967	1
6897	6897	0.0169021	0.00381577	-0.00114946	0.0189819	0.0204311	-0.0182387	0
6916	6916	0.000698853	0.000723272	0.0293236	-0.025654	0.0203995	-0.0141233	1
6927	6927	0.0249101	-0.0089242	0.033054	0.00191312	0.0380418	0.0133286	0
6928	6928	-0.0147437	-0.0282727	0.00382693	0.00989231	0.00154118	-0.0146328	1
693	693	-0.00617285	0.0220387	0.00179691	-0.00263331	-0.00217061	0.0128021	0
6934	6934	-0.00580807	-0.00453805	-0.000299166	-0.0337609	0.0144985	-0.0188665	0
6971	6971	-0.0123769	-0.00100368	-0.00809048	0.0105878	-0.00391017	0.00716763	1
6989	6989	-0.0219483	0.0099315	-0.00631715	0.00656005	0.0133521	-0.0158453	0
6993	6993	0.00925467	-0.00341423	0.0242027	-0.00656737	-0.00479259	0.00445468	1
7011	7011	-0.0110202	-9.70304e-05	-0.0125527	-0.00697107	-0.0185596	0.0219037	0
7014	7014	-0.00731929	0.00186041	-0.0116549	0.00546457	0.0219005	0.00147503	0
7020	7020	-0.017153	-0.00192572	-0.00651355	0.00364174	0.00421174	-0.0170882	0
7028	7028	0.00866293	-0.000898219	0.0119658	0.00459473	0.012016	0.00545952	0
704	704	0.0845155	0.0052611	0.07472	-0.0182545	-0.0215082	0.0393537	0
7055	7055	-0.0215661	-0.00328026	-0.00674868	0.0155084	-0.00642019	-0.00457335	0
7070	7070	-0.00670053	-0.00419465	0.00385646	-0.00053583	0.00872641	-0.0192852	1
7089	7089	-0.0132576	-0.0118263	0.00426155	0.00468433	0.00481208	-0.00498959	1
7099	7099	-0.0096155	-0.0140367	-0.0111888	0.0143946	0.00730048	-0.00138311	1
7103	7103	0.0184123	-0.0069568	0.0148439	-0.00442008	0.00957397	0.00860342	1
7155	7155	-0.00592123	-0.0061681	0.00365577	-0.00181082	0.0253461	0.00458233	1
7156	7156	0.0129574	0.0113941	0.000635973	-0.00452898	-0.00381793	-0.0228719	0
717	717	-0.0136602	0.0049225	-0.0124725	-0.00239915	0.0215592	-9.39913e-05	0
7184	7184	-0.00349474	0.00807238	0.00245919	0.0141759	-0.0217357	-0.00741862	1
7190	7190	-0.0119111	-0.0150183	-0.00816975	-0.00594475	0.0296273	-0.00919507	1
721	721	-0.00555769	0.00496896	0.00835137	-0.00923565	0.00553865	-0.00599717	1
7214	7214	0.0130255	0.0212705	0.00948953	0.0164959	-0.00838408	0.02854	0
722	722	0.0895293	0.00386876	0.0807871	-0.0147474	-0.00654823	0.0546582	0
7224	7224	-0.0188846	0.00565155	-0.00195512	-0.0121568	0.00948438	0.00582344	0
7228	7228	0.0127929	-0.000214047	-0.00371537	0.00560402	0.00106791	0.0223355	1
7244	7244	-0.0206292	0.000424924	-0.0328015	-0.0450647	-0.127989	0.0111419	0
7257	7257	-0.017898	-0.00831436	-0.0125192	-0.0295949	-0.00981477	-0.00776167	1
726	726	0.0319667	-0.00298056	0.0336821	-0.00536746	0.0228666	-0.0313369	0
7285	7285	0.0215576	0.00357191	0.0299547	0.00781679	0.00669252	-0.0176871	1
7297	7297	0.000483575	-0.00503581	0.0102687	-0.0266067	0.0257791	-0.0181004	1
7322	7322	0.0387986	0.000113734	0.0460111	-0.0207143	-0.00776231	0.00441388	1
7345	7345	-0.0159215	0.00622447	-0.00913981	-0.0206203	-0.0824157	0.0650497	0
7360	7360	-0.00972566	0.00836914	-0.00460762	-0.00380278	-0.00380996	-0.00199671	0
74	74	-0.0262847	-0.00286245	-0.00376415	0.00698869	0.00806253	0.00748956	0
7403	7403	-0.0211613	-0.0080303	-8.76229e-05	0.024091	0.00699177	-0.0225077	1
7405	7405	-0.00919064	-0.00128731	-0.00318554	-0.00461951	-0.0282363	0.0271538	1
7413	7413	-0.0137814	-0.00851521	0.00772487	0.0188796	-0.0148665	-0.0047832	1
745	745	-0.0244681	0.00194671	-0.000732642	0.0133302	0.00344803	-0.00273279	0
7454	7454	-0.00542323	-0.00644161	0.00140395	0.0190198	0.00655724	-0.00286437	0
7470	7470	0.00107549	0.000602883	0.00625738	0.0194945	0.00415808	-0.0196229	1
7471	7471	0.0773482	0.0152668	0.0742206	-0.0475019	-0.0233629	0.0479997	0
7475	7475	0.00483476	0.00515044	0.0127206	-0.0211048	0.0212238	0.0159225	1
748	748	0.0980047	0.00168986	0.0857686	-0.0015345	-0.0426891	0.0240234	1
749	749	-0.0192249	-0.00304789	0.00813858	0.00127274	-0.00406304	0.00641088	0
7498	7498	0.00770431	-0.00850816	-0.00713971	0.00746466	-0.0374171	0.0177891	1
75	75	0.0300449	-0.0115751	0.0425005	-6.55965e-06	0.0137635	0.00322074	0
7510	7510	-0.0107233	-0.0147948	0.00454044	0.00753635	0.0133882	0.0125313	0
7520	7520	-0.0133612	0.00384323	0.00902127	0.0209632	0.0207959	-0.0142567	0
754	754	0.0106536	0.00665164	0.0170207	-0.005243	0.00130693	-0.00686819	0
7544	7544	-0.000253065	0.00319635	-0.00618632	0.0175371	0.0100704	-0.00691566	0
7547	7547	-0.00681001	0.01029	0.00720528	0.00206935	0.0165727	-0.0145717	1
7561	7561	-0.0073101	-0.00310514	-0.0355149	-0.00235138	0.0418287	-0.0302134	1
7565	7565	-0.0159582	-0.000563268	-0.00527746	-0.0163284	0.0176623	-0.00225638	1
7567	7567	-0.0139853	-0.012887	-0.00363858	-0.000870595	0.0170815	-0.0139364	0
7568	7568	0.01011	-0.00314722	0.0107689	-0.0112618	-0.0380632	0.0167525	1
7569	7569	0.0233095	0.00423573	0.0321665	-0.00393314	0.0126053	-0.00499717	1
758	758	-0.0180176	0.0107233	0.00985463	-0.0104126	0.0166831	-0.00650184	0
7585	7585	0.068501	-0.0145913	-0.106553	0.0177451	0.0289648	-0.0234665	1
761	761	-0.0180708	-0.00287556	-0.00556669	-0.00237518	0.0134934	0.0010682	1
762	762	0.0243763	-0.0100081	-0.00665547	0.0048316	0.0103847	0.0122907	1
7622	7622	-0.0154035	-0.00452693	-0.00360207	-0.00567279	0.00821923	0.00380734	1
763	763	0.0365011	-0.00902276	0.0379918	-0.0095309	-0.014702	0.0113517	0
7636	7636	-0.0154848	0.00384247	0.00955978	-0.0120134	0.00529434	-0.00801431	0
7670	7670	-0.0115816	0.00368388	0.00123766	-0.00131137	-0.0133112	0.0037815	0
7693	7693	0.00339414	0.00137475	0.00122562	0.00677224	-0.0536239	0.0190598	1
7707	7707	-0.0106485	-0.00517196	-0.00495878	0.000122068	-0.0156356	-0.034386	1
775	775	-0.0183386	0.00502909	-0.00295595	0.0151083	-0.0267015	0.017134	0
7753	7753	0.085492	-0.000594313	0.0591449	0.000675904	0.0368845	-0.00222004	0
7757	7757	0.0257884	-0.007803	0.0157172	-0.00278179	0.0287102	0.0239217	1
7759	7759	0.0917792	0.0112267	0.0838102	0.027235	-0.0552676	0.0589059	0
776	776	0.00152775	0.000492335	0.016411	-0.000226993	0.0364578	0.0104487	1
7761	7761	0.0732924	-0.0121869	-0.122007	0.0110794	0.0307759	0.0923022	1
7763	7763	0.0134464	-0.00175611	0.0102876	-0.000729174	0.0441977	0.0170934	0
777	777	-0.014322	-0.00686049	0.0120763	-0.0144874	0.0225504	0.0103869	0
7781	7781	-0.0152953	0.015692	0.00265951	-0.0182582	-0.0102441	-0.0338864	0
7785	7785	-0.0209479	-0.0127752	-0.00221736	0.00364148	0.0143431	-0.00580563	1
779	779	-0.0121897	-0.0145964	-0.0365452	-0.0139486	-0.102823	0.0235981	0
7798	7798	-0.0143156	-0.003003	0.00723731	0.00417484	0.0172311	-0.000424404	1
7800	7800	-0.0170957	-0.00396736	0.00582648	-0.0122781	-0.0419718	-0.00251986	1
781	781	-0.0120858	-0.00634383	0.00918874	-0.00686317	0.00290298	-0.000801366	1
782	782	0.0253423	-0.0074235	-0.0847044	0.00897232	-0.0216128	0.00463178	1
7842	7842	-0.0177741	-0.00720347	-0.00603593	0.0223563	-0.000270476	0.00283608	0
7854	7854	-0.0170011	-0.00346015	0.00742121	0.00507161	0.000165403	-0.00673251	1
7857	7857	-0.0108661	-0.0102456	0.00882581	-0.00423584	-0.00301471	0.0113395	1
7876	7876	0.0160827	0.00887671	0.0378933	-0.0205839	0.00979842	-0.00198203	1
7888	7888	-0.0190421	0.00475281	0.0083672	-0.00130686	0.0193249	-0.00464837	1
7907	7907	-0.0146077	-0.00382617	-0.00559987	0.00306271	0.00466562	-0.012601	0
792	792	0.0208523	0.00766506	0.0190444	0.0172663	0.0449192	0.0266742	0
7931	7931	0.00734545	-0.00314205	0.00818111	-0.00286806	-0.0021585	-0.017145	0
7954	7954	0.122872	0.00572636	0.0345388	-0.0119896	0.0314247	-0.0368742	1
7955	7955	0.104719	0.00786573	-0.114267	0.0221882	0.0114319	0.0424292	1
7959	7959	-0.0103734	-0.00144029	-0.00317692	-0.00259328	0.00745589	-0.0203157	1
798	798	-0.00969766	0.00928999	-0.0265055	-0.0254893	-0.098065	0.0374331	1
7981	7981	-0.00628741	-0.00192207	-0.00326881	-0.00881394	0.00267757	-0.00151148	1
7989	7989	-0.0123873	-0.00662771	0.000128518	0.0122988	-0.00280671	-0.00920346	1
799	799	0.0341844	1.76206e-05	0.0446231	0.00275958	0.0188739	-0.0127476	1
8	8	0.0202349	0.00661348	0.0129111	-0.0104938	-0.0317609	-0.000341761	1
803	803	0.0479626	0.00480662	-0.0556491	-0.0141433	0.0291567	0.0321559	1
8056	8056	0.0961589	0.00945366	0.0859281	0.000574094	0.0233238	0.0595088	1
806	806	-0.00707327	0.0024215	0.00932651	-0.0084151	0.0346709	0.00994173	0
807	807	-0.0115529	-0.00652431	0.00259664	0.0091102	0.0101025	-0.00535964	0
808	808	-0.0243676	0.0059679	-4.03874e-05	-0.0086667	0.0311125	-0.000762885	0
8090	8090	0.0151587	0.00516805	0.0170183	-0.0161214	0.0135943	0.0213776	0
81	81	-0.0241441	0.00898002	-0.018619	-0.0163366	-0.0897538	0.0308064	0
811	811	-0.0148321	-0.00260744	0.00887446	0.00887754	0.00698807	-0.0205002	1
8129	8129	-0.0158844	-0.00536147	0.00914002	-0.000825824	0.0120437	-0.0126518	1
813	813	-0.0214914	-0.0034827	0.000702822	0.0186969	-0.00450577	-0.0173643	0
8139	8139	-0.0235654	0.00343258	-0.0204811	-0.00412352	0.033066	0.0187415	1
816	816	0.000137889	-0.00937578	0.0226048	0.000199761	0.0169631	0.0142118	0
8180	8180	-0.0165284	0.0155464	-0.011025	-0.0238374	-0.0293556	0.0128187	1
820	820	0.0392271	0.00568343	0.0114001	-0.0122939	-0.0351924	0.020893	0
8202	8202	-0.0015657	-0.000415251	0.00407518	0.0126495	0.0228595	-0.00135197	1
8204	8204	-0.0163256	-0.00110735	-0.000996119	-0.00500034	-0.00956677	0.0173572	1
8301	8301	0.0159983	-0.0183437	-0.0252514	0.0241169	0.0248825	-0.00585822	1
8304	8304	-0.00741367	0.0030271	-0.0168175	0.0120605	0.0432559	-0.00683158	1
8318	8318	-0.0108686	0.00210907	-0.00895159	-0.00111494	-0.00609584	-0.00125609	1
8319	8319	-0.0181705	0.00477842	0.0101377	0.00917622	0.0137166	0.00210952	0
8352	8352	-0.00915551	-0.00734827	0.0103711	0.0112582	0.0174952	-0.00539828	0
836	836	-0.021517	-0.00251938	-0.00105296	0.0125266	-0.0186262	-0.0141907	0
8360	8360	-0.0103467	-0.0126046	0.00369055	-0.0109428	-0.0244111	-0.0220266	1
8363	8363	-0.0131411	-0.0176243	0.00859688	0.00801122	0.0203592	-0.0249668	1
8387	8387	0.0104666	-0.00582872	0.0231578	0.0271353	0.00103009	-0.0113919	1
839	839	-0.0181578	-0.0103639	0.00111481	-0.0281512	0.00399758	0.00390453	0
8403	8403	-0.0107275	-0.00199066	-0.00663913	-0.0151005	-0.0287482	0.0273974	0
8415	8415	-0.0119204	0.013609	-0.00087557	-0.0200292	-0.00418206	-0.00217857	0
8416	8416	-0.0154171	-0.00979702	0.00780326	-0.00661942	0.00515392	-0.00344571	1
842	842	-0.0156856	-0.00316305	0.00746564	0.0117125	0.00827727	0.00129439	1
845	845	-0.0103774	0.000508218	-0.0141207	-0.00264339	0.00661497	-0.004984	1
8466	8466	-0.0115156	0.00371926	-0.0183118	-0.00879414	-0.00463687	-0.0169088	1
8476	8476	-0.00718275	-0.00647236	0.000659539	-0.025818	0.0145913	-0.00803881	1
850	850	-0.00963435	0.00443562	0.0106389	0.0127024	0.00122766	0.00429559	0
8522	8522	0.0313757	0.00444982	-0.115092	-0.00852983	-0.0937813	0.0172308	0
8529	8529	-0.0116153	-0.00210048	-0.0255471	0.0160584	0.01622	0.0291608	1
8534	8534	-0.0124175	-0.0109684	0.00859748	0.00259434	-0.0118067	0.00403286	0
8538	8538	-0.0239884	-0.00699795	-0.0145189	0.0312737	0.017584	-0.0455736	1
854	854	-0.00127212	0.0022829	-0.00154838	0.00118559	-0.056338	0.0180671	0
8546	8546	-0.0215257	-0.00218396	0.00455749	-0.00109804	0.00532704	0.00303882	0
8563	8563	-0.0165073	0.00373989	0.00166737	0.0176525	0.00664531	-0.0211571	1
8565	8565	-0.0176701	-0.00358113	-0.00548318	-0.010159	0.0106048	-0.012668	0
8578	8578	-0.0129755	-0.00565124	-0.00127448	0.000979414	0.0424825	0.0344938	1
8588	8588	0.0976302	0.0105925	0.0786669	-0.0190171	-0.0298656	0.0511997	0
8619	8619	-0.0112429	-0.00675864	0.00838572	0.00233098	0.0129387	-0.026501	0
862	862	-0.0184092	0.00265102	0.000279774	-0.00264181	-0.00699955	0.00282321	0
865	865	-0.0179501	0.000774953	0.0010962	0.0134508	0.0172409	-0.00794898	0
8656	8656	-0.00983977	-0.00114727	-0.000894106	0.0139746	0.0159871	0.00362537	1
8666	8666	-0.00833841	0.0074055	-0.0141207	0.000929335	0.00976134	-0.0177043	0
8701	8701	0.00227556	0.0131567	0.0130182	0.00933596	0.0217091	0.00107362	0
8723	8723	0.00884601	-0.00270767	0.0179045	-6.23846e-05	0.0228391	-0.00732772	1
8737	8737	-0.0131135	0.000192998	0.000197049	-0.0268658	-0.00570726	0.0228565	0
8747	8747	-0.00561926	-0.00595219	0.013867	0.00248965	-0.000364787	-0.00284442	0
8766	8766	-0.0154392	-0.0167302	0.00195079	-1.82234e-05	0.00975565	-0.00565769	1
8834	8834	-0.00327695	0.000663038	0.00339813	0.00706253	0.0273991	-0.0104091	0
8841	8841	0.105177	0.0058906	0.00362115	-0.00738024	-0.0483688	-0.105053	0
8844	8844	-0.0102886	-0.00512756	0.0173626	0.0145907	0.00981279	-0.0298881	0
887	887	-0.0209778	0.0028265	-0.000194215	-0.00573386	-0.012666	0.00941838	0
8874	8874	-0.00398102	-0.00309818	0.00676378	0.00518789	-0.0228144	0.00342475	0
8883	8883	-0.00947529	0.00283213	0.00175034	0.000228215	-0.00148829	-0.0126853	0
891	891	-0.017231	0.00059091	0.00340327	0.0116167	0.0156719	-0.0197026	0
8939	8939	-0.0108643	0.000618974	-0.0139978	0.0254723	0.0217951	-0.0276997	1
8947	8947	0.0133158	-0.00222568	0.042195	-0.00661589	0.0223799	-0.0382473	0
8977	8977	0.0508248	0.00378766	-0.122722	-0.00368925	-0.0301696	0.0576875	1
898	898	-0.00543591	0.00134068	-0.0391445	-0.0152896	-0.104343	0.0108428	0
90	90	-0.0287954	-0.00887315	-0.0280215	-0.0096558	-0.0443281	-0.0339686	1
9023	9023	-0.0160682	-0.0100602	0.00781563	0.00976875	0.0386197	-0.0362095	1
903	903	-0.0252198	-0.00511119	-0.00271226	-0.0120399	0.0182136	-0.00405243	0
9039	9039	-0.00322269	-0.00668146	0.0122828	3.28161e-05	0.0237108	0.0399908	1
9046	9046	-0.013013	-0.0106582	-0.0291054	-0.0433841	-0.0963986	0.0388159	1
9078	9078	-0.00611438	0.000374525	0.000975491	-0.0015654	0.0172628	-0.0180102	1
9081	9081	-0.0202068	-0.00152943	0.000460012	0.0263664	0.00382776	-0.0225764	0
909	909	-0.0174175	-0.00738811	0.00609817	0.00535852	-0.00664269	-0.00294184	0
9111	9111	-0.0155972	-0.0116835	-0.00238187	0.00021307	0.0235781	-0.016409	0
912	912	-0.0215334	-0.0101863	0.00276114	0.0242059	0.00941925	-0.00667739	1
9126	9126	0.000847152	0.00962186	0.0205335	-0.0179018	0.0203532	-0.0251583	1
9129	9129	-0.0343232	-0.00894313	0.00716075	-0.0105576	0.00886997	-0.0107871	1
9143	9143	-0.0106768	0.00657457	-0.015138	0.00271241	0.0338045	-0.000981699	0
915	915	-0.0211321	-0.00493751	0.000185998	-0.00285979	-0.013522	-0.0121385	0
916	916	-0.0116528	0.00586358	-0.00318925	-0.018298	-0.0422936	0.0285476	0
9164	9164	-0.00728368	-0.00339182	0.00951872	-0.00987491	0.0235236	-0.0175103	1
9166	9166	-0.019601	0.0049218	-0.00317837	0.0105034	-0.012553	-0.0211492	1
9172	9172	-0.0116823	-0.00562169	0.00828649	-0.00705403	-0.0278452	-0.0286663	1
918	918	-0.0141716	-0.00463904	0.00327898	-0.00402999	0.00514159	-0.016342	1
9185	9185	-0.0019103	0.00303488	-0.00743082	0.00246191	0.0152618	0.00226552	1
920	920	0.0356082	-0.00471219	0.00908646	0.0155543	0.0293086	0.0199486	0
9217	9217	-0.0162429	-0.0134167	-0.00350937	0.00763523	0.0116406	0.00345572	0
9218	9218	-0.0187576	-0.00169956	-0.00879177	-0.017269	0.00290047	0.00310207	1
922	922	-0.0303919	0.00264359	-0.013431	-0.0260038	-0.0150179	0.00823956	0
9232	9232	0.00711517	0.0103496	0.0163664	-0.0172521	-0.0374491	0.00629832	1
924	924	0.0573588	-0.011338	-0.172254	0.00336842	0.0312217	0.027645	0
9243	9243	-0.0188908	-0.0193181	-0.0122808	-0.00409962	0.0328682	-0.0272169	1
9247	9247	-0.0134656	-0.00748603	-0.00294419	-0.0186845	-0.0492387	0.0116496	0
925	925	-0.0187228	-0.00328477	0.0108004	0.0203638	-0.0130386	-0.00342673	0
926	926	-0.0208896	-0.0146402	0.000429421	-0.0117072	-0.0259206	-0.00506954	0
9262	9262	-2.91048e-05	0.002901	0.0377774	-0.0096753	0.0216641	0.00826489	1
9277	9277	-0.00912866	0.00649242	-0.0106722	0.00640661	0.0467747	-0.00541607	0
9281	9281	-0.00266037	0.00372119	0.00223715	0.00289872	-0.0097113	0.0012279	1
9283	9283	-0.0173422	-0.0063683	-0.00613662	0.00861915	0.0303841	-0.0229528	0
9314	9314	-0.0131669	-0.00967843	0.00279982	0.000467128	0.0151325	-0.0312755	1
9323	9323	-0.0231579	-0.00623079	0.00157338	0.0429914	0.00615683	-0.0151154	1
9327	9327	-0.0235664	-0.00938081	0.00762259	0.0065264	0.000839091	-0.0429464	1
9366	9366	0.00904063	0.000276727	-0.00595465	-0.0144654	0.0230731	-0.0155738	0
9413	9413	-0.00563291	0.00399367	0.00210302	-0.0106677	-0.0197227	0.0193599	0
9427	9427	-0.00876637	0.00885061	0.0070439	0.0189057	0.016933	0.00230404	1
943	943	-0.00442955	-0.00834528	-0.000858467	0.00663443	-0.00108297	-0.0023799	0
9430	9430	-0.00567544	-0.00668846	0.0109525	0.00133978	0.0272111	-0.00900419	1
9471	9471	0.105003	0.00720338	0.0155465	-0.0194522	-0.0295912	-0.0847937	0
9480	9480	-0.0121506	-0.00841683	-0.00459723	0.00497222	-0.00111076	-0.0244969	1
9486	9486	-0.0235042	0.00510018	-0.0165685	0.0138898	-0.0396248	0.0330806	0
949	949	-0.0182272	0.00347365	-0.00156086	0.00511423	0.0197352	0.00657141	0
951	951	-0.0119277	-0.00685761	-0.000533658	-0.00617557	-0.00214414	-0.0124297	0
9519	9519	-0.0320776	0.00225334	-0.00960555	-0.00129368	-0.0094552	-0.00249626	0
952	952	-0.0128255	-0.0120226	-0.00579941	-0.00660135	0.0155541	-0.00219854	0
954	954	-0.0157288	0.00426803	0.00153143	-0.016326	0.0193053	-0.00217914	0
9541	9541	-0.0152475	-0.0111941	0.0247297	0.0179926	0.0058169	-0.0131768	0
9656	9656	0.0402288	0.000423906	0.0497326	-0.00285721	-0.00437631	-0.009755	0
966	966	-0.00460827	-0.003656	-0.00542937	-0.0291394	-0.0148266	0.0126945	1
968	968	-0.017783	-0.0102001	0.00785942	0.0065801	-0.0104464	0.000597192	0
972	972	-0.00616644	0.00300927	-0.00899073	-0.0143047	-0.043696	0.0318112	0
9749	9749	-0.0197409	0.00338615	-0.00739311	0.0246569	-0.0035709	-0.00563891	0
9752	9752	-0.0161381	-0.00822952	-0.0149711	-0.0122987	0.0394268	-0.00810799	1
9762	9762	0.0373692	0.000149481	0.0443015	-0.00645208	0.000144357	0.0166228	0
9765	9765	-0.0191327	-0.00133538	0.00650396	-0.00494003	0.0106743	-0.0230564	1
9781	9781	-0.0152691	-0.00436476	0.00172387	0.00350623	-0.00666582	0.00576365	1
9784	9784	-0.00957774	-0.00947911	0.00609538	0.00192089	0.023232	-0.00104199	1
9812	9812	0.0649203	-0.00454034	-0.0525932	0.0191375	0.0378861	0.0355448	0
9817	9817	0.00687506	-0.00560524	-0.0262814	-0.0254786	-0.104012	0.0334048	0
9832	9832	0.0987758	0.00378492	0.0842222	-0.0120356	-0.0285106	0.0451228	0
9835	9835	-0.012175	0.000589517	-0.00136843	0.0169038	0.0316895	-0.0040594	1
9839	9839	-0.0137578	-0.0125896	0.0083129	-0.000829537	-0.00266549	0.00244445	1
9849	9849	0.0259674	-0.021139	0.0144638	0.0224709	0.0683521	0.00947762	0
9862	9862	-0.00099813	-0.0194084	-0.0403477	0.0344604	0.027555	0.00142417	0
9876	9876	-0.0113762	-0.0276753	0.00146137	0.00157226	0.022297	-0.0101312	1
99	99	-0.0217668	0.0019778	0.0010627	0.000962374	0.00237702	-0.00840281	0
990	990	-0.0180025	-0.00387256	0.00458897	-0.00516567	0.0189016	0.0139325	0
9905	9905	0.0588721	-0.00438609	-0.138708	-0.0133647	0.0033941	0.0203436	1
9906	9906	-0.0144325	-0.000401745	-0.00208809	0.00846897	0.00744354	0.0233196	1
9928	9928	-0.018903	-0.00675105	0.018322	0.00450529	0.00928225	0.00310896	1
9974	9974	-0.00968733	-0.0105822	-0.00737159	0.01896	-0.0117737	-0.00357107	1
999	999	0.0435289	-0.00141925	0.00884062	0.0113679	0.0544329	-0.0117939	0
