1
10
10012
10036
10058
10074
10077
10080
10093
10097
1010
10100
10106
10123
1013
10141
10142
10171
10188
10195
1020
10216
1022
10232
1024
10246
1026
10260
10279
1028
10302
10325
1033
10339
1034
10347
10348
1035
1036
10362
10374
10381
10383
10384
10388
1039
10408
1041
10414
1042
10420
10424
10430
10448
10469
1047
10477
10489
10490
10492
10497
1050
10507
10508
10520
10523
10530
10542
10544
10572
10575
1058
10583
10586
1059
1060
10620
10632
10635
10645
10653
1066
1071
1074
1075
10765
1077
10773
1078
10781
10785
1079
10790
1081
10827
10828
10834
1085
10868
10883
10897
1091
10919
1092
10926
10959
10962
10964
10967
10977
10984
10986
11
11008
11012
11015
1103
1104
11053
11062
11069
11076
11082
11087
11125
11128
11135
1114
11141
11143
1121
1125
1129
1131
1133
1134
11360
11377
11393
11396
11397
1142
11425
11432
11441
11458
11462
1147
11493
11499
11502
11509
11515
11520
11526
11528
11529
11531
11548
11557
11562
11584
11585
1163
11641
11643
1165
11669
11698
11700
1173
11747
11753
11758
1177
11785
11790
11795
11796
118
11802
11819
11822
11828
1183
1190
1196
1209
1210
1214
1221
1227
123
1233
1235
1239
124
1259
126
1269
1275
1281
1288
1290
13
1305
1312
1325
1338
1341
1342
1366
1374
1375
1379
1382
1384
1392
1393
14
1401
1403
1404
141
1412
1414
1420
1424
1426
1430
1432
144
1440
1442
1445
1446
1447
1450
1452
1459
146
1462
1465
1466
1467
1470
1472
1491
1494
1499
1503
1507
1514
1515
1519
1521
1522
1523
1531
1532
1537
154
1561
1564
1565
1566
1568
1573
1578
1582
1588
159
1593
1595
1599
16
160
1600
1610
1615
1623
1625
1626
1627
1631
1641
1647
1653
1658
1659
1664
1668
1669
1674
1675
1678
168
1682
1685
1686
1695
1697
1699
17
1702
1705
1706
1707
1712
1715
1717
1718
1720
1723
1727
1731
1735
1737
1738
1742
1743
1745
175
1759
1763
1764
177
1772
1775
1776
1777
1778
1780
1784
1785
1788
1790
180
1802
1808
1810
1811
1813
1814
1815
1822
1825
1827
1833
1841
1848
1851
1853
1858
187
1871
1875
1876
1877
1879
1885
1887
1889
189
1892
1901
1902
1903
1904
1952
1958
1963
1964
1968
1970
1975
1980
1984
1985
1987
1991
1992
1993
1996
200
2000
2001
2004
2006
2008
2009
2011
2013
2018
202
2022
2023
2024
2025
2028
203
2030
2034
2035
2039
204
2040
2041
2042
2047
2048
2050
2052
2053
2055
2056
2064
2067
207
2070
2074
2075
2076
2077
2080
2083
2090
2096
2099
210
2101
2116
215
2151
2153
2158
216
2162
2166
2177
2183
22
2202
2203
2207
2212
2214
2217
2236
2238
2239
2249
2274
2275
2276
2278
2279
2288
2291
2297
2304
2307
2314
2316
2329
2334
2339
2350
2356
2358
2361
2362
2367
2371
2385
2393
2402
241
2412
2421
2453
2454
2455
2456
2457
2498
251
2510
2512
2513
2516
252
253
2535
2542
2554
2557
2558
2568
2570
2571
2574
2576
258
26
2616
262
2628
2629
2633
2635
2645
2648
2651
266
2660
2662
2665
2675
2676
2677
268
2681
2687
2692
2694
2700
2702
2707
2715
2718
2720
2725
2729
2732
2739
2740
2748
2751
2755
2759
276
2764
279
2794
2797
2826
2839
2841
2849
285
2856
2858
2860
287
2874
288
2881
2886
2887
2890
2891
2894
2898
2901
2907
2920
294
2949
295
2953
2958
296
2960
2964
2966
2969
298
2980
2990
2998
3004
3015
3018
3034
3043
3046
3048
305
3050
3068
3069
3078
3080
3082
3085
3087
3090
3097
3104
3108
311
3111
3113
3122
3124
3129
3130
3137
3140
3145
3158
3167
3176
3179
3185
3186
319
3192
3193
3196
3197
3199
3206
3211
3216
322
3224
3227
323
3234
3244
3248
325
3257
3265
3267
3275
3277
328
3280
3289
33
330
3301
3303
3304
3306
3320
3321
3324
3326
3335
3340
3341
3343
3344
3357
3364
337
3370
3375
3381
339
3393
3394
3395
3397
3399
3402
3404
341
3415
3417
3422
3423
3448
3449
345
3454
3468
347
3478
3486
3489
349
3494
3499
35
3531
3532
3540
3543
3547
3559
3569
357
3571
3581
3582
3595
3598
36
3605
3611
3615
3622
3624
3625
3626
363
3639
3642
3643
3644
3655
366
3660
3671
368
3682
3688
3689
3695
3706
3724
3728
3733
3747
3766
3767
3777
3780
3782
3783
3786
3788
38
380
3806
3821
3822
3833
3834
3835
3847
3853
3858
3862
3865
3866
3881
3882
3883
3885
3886
3904
3905
3908
3913
3921
3922
3923
3931
3934
3935
394
3942
3948
3954
3964
3967
397
3971
3973
3979
3985
3988
3990
3992
3993
3998
40
4006
4009
4010
4012
4018
4026
4029
4030
4032
4034
4036
4042
4048
4055
4056
4057
4064
4066
4067
4080
4084
4095
4106
411
4111
4127
4133
4135
4143
4147
4159
4170
4171
4173
4176
4178
4179
4180
4181
4185
4191
4194
4198
42
420
4200
4204
4207
4212
4213
4215
4224
4230
4235
4240
4241
4245
4248
4251
4252
4258
429
4290
4292
4297
4301
4304
4320
4343
4346
4356
4359
4360
4369
437
4381
439
4399
44
440
441
4411
4428
4430
4438
4440
4441
4460
4463
4482
4490
4498
4499
4502
4507
4522
4532
4538
4539
4546
4547
4549
4552
4568
4569
4577
4580
4583
4584
4585
4587
4594
4597
4598
4602
4604
4605
4613
4621
463
4632
4638
4641
4643
4644
4646
4648
4652
4654
466
4667
4671
4672
4679
468
4680
4693
4694
4695
4696
4705
4712
4715
473
4732
4735
4738
4754
4756
4758
4784
4796
4797
4801
481
4813
4814
4825
483
4831
4832
4833
4834
4837
4851
4859
4879
488
4880
4888
4889
4895
4897
4910
4917
4925
4927
4928
4932
4935
4941
4943
4947
495
4954
4962
497
4983
4985
4990
4996
4998
4999
500
502
5024
5027
503
5034
5041
5044
5048
5049
5073
5098
5099
5103
5105
5107
512
5130
5144
5145
5146
5154
5155
5164
5167
5168
5170
5172
5176
5180
5182
5185
5190
5195
5199
5206
5207
5213
5218
5221
5223
5233
5235
5236
5237
5241
5246
5249
5257
5258
5263
5267
5273
5274
5276
5278
5283
5284
5288
5293
53
5302
5310
5326
533
5332
5342
5351
5359
5362
539
5397
5408
5414
542
5425
5432
5442
5443
5447
5456
5460
5475
5478
5480
5485
5487
549
5490
5494
5495
55
5501
5502
5506
5514
5515
5516
5529
5531
5536
554
5540
5545
5557
556
5568
5570
5573
5581
5582
5583
5596
5602
561
5611
5612
5613
5620
5628
5629
563
5633
5637
5641
5659
5666
567
5672
5675
5683
5701
5709
5719
572
5723
5728
574
5741
5743
5745
5768
5775
579
5790
5792
5795
58
580
5800
5803
581
5810
5815
5820
5821
5826
583
5830
5833
5844
5850
5853
5859
5866
5867
5868
5872
5881
5884
5888
589
5892
5895
5900
5902
5912
5913
5917
5924
5935
5943
595
5961
5965
5973
5989
5996
5998
5999
6
60
6005
6013
602
6020
6025
6035
6042
6045
6056
6064
6065
607
6074
6077
6085
609
6093
6099
610
6103
6105
6108
6115
6117
6120
6124
6127
613
6131
6169
6179
6184
6187
6189
6191
6192
62
6204
6206
6214
6216
6221
6228
6235
6238
6239
6244
6248
6249
6250
6252
6257
6263
6269
6274
6284
6285
6296
63
6314
6316
6321
6335
6341
6348
6351
6356
6363
6366
6367
637
6381
6387
64
644
645
6450
646
6483
6484
6491
6493
650
651
6544
6545
6547
656
6560
6573
6583
6589
6599
6613
6617
6633
6634
667
6677
6689
669
6690
6695
6699
6704
6706
6721
6722
6725
6731
6733
6734
6738
675
6750
6758
678
6780
6791
6793
6810
6812
6814
6815
682
6829
6832
684
685
6851
6857
6858
6859
6860
6861
6866
6869
6873
6874
6875
6879
688
6882
6885
6889
6897
6900
6908
6910
6916
6923
6927
6928
693
6934
6935
6936
6943
6952
6959
6971
6981
6985
6989
6993
7011
7013
7014
7019
7020
7028
703
704
7047
7053
7055
7070
7072
7080
7082
7089
7092
7098
7099
71
7103
7114
7134
7141
7144
7153
7155
7156
7163
717
7184
7189
7190
7195
7198
7199
72
721
7214
7218
722
7222
7224
7228
7231
7232
7244
7245
7252
7257
7258
726
7261
7266
7267
7280
7284
7285
7292
7297
7307
7312
7320
7322
7336
7339
734
7345
7358
7360
7362
7372
7376
7377
7379
7382
7384
7393
74
7403
7405
7413
7446
745
7450
7454
7465
7466
7470
7471
7475
748
7485
749
7493
7498
75
7504
7510
7520
7527
7538
754
7544
7547
7561
7565
7567
7568
7569
758
7585
7597
761
7610
7611
7613
7616
762
7622
763
7636
7639
7646
7657
7659
7670
7685
7688
7693
77
7700
7701
7707
7708
7711
7722
7732
7733
7735
775
7753
7757
7759
776
7761
7763
777
7781
7783
7785
7787
779
7798
7800
781
782
7824
7828
7841
7842
7847
7854
7857
7876
7882
7888
7905
7907
7912
7915
792
7923
7929
7931
7945
7948
7953
7954
7955
7959
7967
798
7981
7989
799
7992
8
8015
803
8041
8046
8049
8052
8056
8058
806
8060
807
8073
8076
808
8085
8089
8090
81
8100
811
8120
8129
813
8132
8134
8135
8138
8139
814
8155
816
8178
8180
8184
820
8202
8203
8204
8206
8212
8217
8237
8238
8246
8266
8274
8291
8301
8304
8314
8318
8319
832
8327
8336
8352
836
8360
8363
8379
8387
839
8403
8415
8416
8417
842
8423
8427
8432
8449
845
8463
8466
8476
8499
850
8522
8529
8534
8538
854
8546
8547
8554
8563
8565
8578
8588
8592
8594
8598
8599
8619
862
8632
8635
8641
865
8656
8666
8675
8685
8701
8707
8723
8729
8731
8737
8739
8747
8766
8780
8787
8788
8796
8803
8808
8818
8834
8841
8844
8852
8864
887
8874
8883
8885
8905
891
8911
8915
8930
8933
8934
8936
8939
8947
8948
8951
8977
8978
898
8985
8988
8990
90
9023
9024
903
9039
9046
9050
9072
9078
9079
9081
909
9107
9111
9119
912
9126
9129
9133
9135
9143
9146
915
9158
916
9164
9166
9172
9174
918
9185
9187
9188
9195
920
9215
9217
9218
922
9220
9223
9232
924
9243
9246
9247
9248
925
9259
926
9262
9276
9277
9278
9281
9283
9307
9314
9323
9324
9327
9351
9360
9366
9367
9369
937
9372
9375
9380
9399
9413
9421
9427
9429
943
9430
945
9450
9453
9457
9468
9471
9480
9486
9489
949
951
9516
9518
9519
952
9527
9530
9539
954
9541
9561
9565
9568
9575
9589
9616
9635
9656
966
9672
968
9702
9719
972
9720
9724
9726
9735
9743
9747
9749
9752
9762
9765
9781
9784
9796
9799
9803
9804
9812
9817
9832
9835
9839
9849
9862
9869
9871
9876
9886
99
990
9905
9906
991
9920
9928
994
9941
9969
9974
9979
999
